Sample,ADC_0,ADC_1,ADC_2,Timestamp,Acceleration
1,588.5964,517.3912,629.8245,7.9984,1005.3947
2,585.0877,516.5217,628.0701,12.6728,1001.7956
3,587.7192,515.6521,631.5789,17.4198,1005.0885
4,588.5964,515.6521,635.0877,22.1722,1007.8092
5,588.5964,516.5217,630.7017,26.9350,1005.4974
6,587.7192,513.9130,628.9473,31.7026,1002.5444
7,587.7192,514.7825,631.5789,36.4616,1004.6427
8,584.2105,515.6521,629.8245,41.2167,1001.9371
9,587.7192,517.3912,628.0701,45.9849,1003.7827
10,586.8421,514.7825,628.9473,50.7492,1002.4767
11,586.8421,514.7825,632.4561,55.5961,1004.6818
12,587.7192,517.3912,631.5789,60.4424,1005.9819
13,584.2105,516.5217,631.5789,65.2980,1003.4881
14,585.0877,516.5217,631.5789,70.1410,1003.9991
15,585.9649,514.7825,630.7017,74.9928,1003.0656
16,585.0877,513.9130,631.5789,79.8472,1002.6595
17,585.0877,514.7825,633.3333,84.7060,1004.2110
18,586.8421,514.7825,629.8245,89.5469,1003.0272
19,587.7192,514.7825,631.5789,94.3900,1004.6427
20,587.7192,514.7825,631.5789,99.2357,1004.6427
21,585.0877,519.1304,628.0701,104.0923,1003.1431
22,585.0877,515.6521,631.5789,109.0223,1003.5520
23,584.2105,517.3912,632.4561,113.9618,1004.4881
24,585.0877,514.7825,632.4561,118.9064,1003.6580
25,585.0877,517.3912,633.3333,123.8515,1005.5508
26,588.5964,516.5217,634.2105,128.7937,1007.7020
27,585.9649,516.5217,631.5789,133.7290,1004.5105
28,585.9649,515.6521,627.1929,138.6660,1001.3106
29,584.2105,514.7825,631.5789,143.6012,1002.5941
30,584.2105,516.5217,632.4561,148.5360,1004.0405
31,589.4736,516.5217,628.9473,153.4658,1004.9122
32,584.2105,521.7391,633.3333,158.4028,1007.2858
33,585.9649,518.2608,631.5789,163.3370,1005.4059
34,585.0877,515.6521,629.8245,168.2718,1002.4489
35,585.9649,518.2608,631.5789,173.2174,1005.4059
36,585.0877,516.5217,631.5789,178.1630,1003.9991
37,583.3333,517.3912,629.8245,183.1064,1002.3225
38,586.8421,518.2608,631.5789,188.0498,1005.9174
39,586.8421,520.8695,629.8245,192.9943,1006.1648
40,585.0877,520.0000,631.5789,197.9449,1005.7929
41,585.9649,513.9130,632.4561,202.8719,1003.7241
42,586.8421,519.1304,633.3333,207.8235,1007.4677
43,585.0877,518.2608,632.4561,212.7702,1005.4465
44,584.2105,520.0000,631.5789,217.7022,1005.2829
45,586.8421,515.6521,629.8245,222.6191,1003.4738
46,585.9649,514.7825,630.7017,227.5598,1003.0656
47,585.0877,516.5217,632.4561,232.4940,1004.5511
48,585.0877,519.1304,631.5789,237.4271,1005.3436
49,586.8421,515.6521,631.5789,242.3576,1004.5759
50,581.5789,516.5217,630.7017,247.3081,1001.4057
51,584.2105,515.6521,630.7017,252.2444,1002.4888
52,590.3508,517.3912,635.9649,257.1917,1010.2768
53,583.3333,516.5217,635.0877,262.1366,1005.1909
54,585.9649,517.3912,635.9649,267.0769,1007.7202
55,585.9649,520.0000,631.5789,272.0245,1006.3035
56,585.0877,520.8695,632.4561,276.9487,1006.7936
57,584.2105,518.2608,634.2105,281.8973,1006.0413
58,585.0877,517.3912,628.9473,286.8392,1002.7941
59,582.4561,515.6521,631.5789,291.7853,1002.0200
60,582.4561,520.0000,628.9473,296.7190,1002.6115
61,584.2105,520.8695,633.3333,301.6385,1006.8356
62,584.2105,520.0000,631.5789,306.5776,1005.2829
63,586.8421,520.8695,628.0701,311.4939,1005.0676
64,581.5789,525.2174,631.5789,316.4248,1006.4687
65,585.0877,520.0000,632.4561,321.3629,1006.3440
66,580.7017,520.0000,631.5789,326.2767,1003.2479
67,585.0877,520.8695,633.3333,331.2047,1007.3449
68,585.0877,523.4782,635.0877,336.1492,1009.7987
69,585.9649,524.3478,633.3333,341.0905,1009.6566
70,584.2105,520.8695,630.7017,346.0366,1005.1824
71,587.7192,520.0000,636.8421,350.9801,1010.6343
72,587.7192,516.5217,634.2105,355.9121,1007.1900
73,586.8421,520.8695,635.0877,360.8599,1009.4677
74,587.7192,520.0000,636.8421,365.8099,1010.6343
75,591.2280,521.7391,635.9649,370.7304,1013.0220
76,588.5964,520.8695,633.3333,375.6652,1009.3869
77,592.1052,519.1304,633.3333,380.6043,1010.5424
78,592.9824,522.6087,631.5789,385.5363,1011.7509
79,595.6140,538.2608,631.5789,390.4781,1021.4561
80,594.7368,523.4782,631.5789,395.4145,1013.2291
81,593.8596,528.6956,633.3333,400.3531,1016.5133
82,593.8596,525.2174,633.3333,405.3041,1014.7086
83,593.8596,525.2174,632.4561,410.2418,1014.1613
84,595.6140,528.6956,631.5789,415.1893,1016.4483
85,598.2456,526.0869,629.8245,420.1387,1015.5512
86,596.4912,523.4782,628.9473,425.0833,1012.6233
87,592.9824,528.6956,629.8245,430.0321,1013.8176
88,594.7368,522.6087,629.8245,434.9796,1011.6870
89,593.8596,520.8695,627.1929,439.9342,1008.6354
90,593.8596,525.2174,631.5789,444.8868,1013.6145
91,592.1052,528.6956,629.8245,449.8395,1013.3048
92,591.2280,524.3478,630.7017,454.7872,1011.0766
93,591.2280,518.2608,627.1929,459.7203,1005.7415
94,588.5964,519.1304,634.2105,464.6552,1009.0417
95,588.5964,516.5217,627.1929,469.5866,1003.3003
96,589.4736,516.5217,628.9473,474.5224,1004.9122
97,587.7192,520.8695,628.9473,479.4627,1006.1281
98,587.7192,519.1304,627.1929,484.4028,1004.1322
99,587.7192,517.3912,622.8070,489.3353,1000.4980
100,588.5964,522.6087,626.3157,494.2749,1005.9011
101,588.5964,522.6087,626.3157,499.3205,1005.9011
102,587.7192,520.0000,624.5614,504.3497,1002.9411
103,588.5964,518.2608,633.3333,509.3592,1008.0432
104,591.2280,516.5217,625.4385,514.3791,1003.7523
105,592.9824,520.0000,625.4385,519.4044,1006.5791
106,590.3508,517.3912,628.0701,524.4136,1005.3258
107,592.9824,517.3912,627.1929,529.4351,1006.3264
108,590.3508,517.3912,631.5789,534.4609,1007.5216
109,592.1052,516.5217,628.9473,539.4875,1006.4582
110,591.2280,514.7825,631.5789,544.5127,1006.6994
111,590.3508,513.0434,631.5789,549.5408,1005.2958
112,590.3508,516.5217,632.4561,554.5629,1007.6257
113,591.2280,514.7825,631.5789,559.5899,1006.6994
114,592.9824,517.3912,630.7017,564.6185,1008.5170
115,591.2280,513.9130,630.7017,569.6482,1005.7047
116,587.7192,515.6521,633.3333,574.6790,1006.1919
117,591.2280,516.5217,631.5789,579.7075,1007.5898
118,586.8421,518.2608,629.8245,584.7351,1004.8168
119,586.8421,514.7825,631.5789,589.7653,1004.1298
120,586.8421,514.7825,630.7017,594.7929,1003.5783
121,586.8421,511.3043,635.9649,599.8236,1005.1204
122,586.8421,510.4347,638.5964,604.8658,1006.3462
123,586.8421,506.0869,633.3333,609.9096,1000.8090
124,585.9649,509.5652,633.3333,614.9486,1002.0592
125,582.4561,506.0869,637.7192,619.9858,1001.0319
126,580.7017,505.2173,637.7192,625.0183,999.5724
127,581.5789,507.8260,635.9649,629.9651,1000.2863
128,583.3333,506.9565,637.7192,635.0098,1001.9822
129,582.4561,506.9565,635.9649,640.0466,1000.3556
130,582.4561,502.6087,638.5964,645.0855,999.8380
131,580.7017,506.9565,633.3333,650.0357,997.6625
132,582.4561,508.6956,639.4736,654.9854,1003.4704
133,582.4561,508.6956,640.3508,660.0265,1004.0297
134,581.5789,510.4347,639.4736,665.0551,1003.8447
135,581.5789,514.7825,638.5964,670.0941,1005.5051
136,584.2105,514.7825,635.0877,675.1308,1004.8081
137,585.0877,518.2608,634.2105,680.1648,1006.5510
138,587.7192,522.6087,641.2280,685.1973,1014.7449
139,588.5964,520.8695,641.2280,690.2373,1014.3591
140,586.8421,520.8695,633.3333,695.2767,1008.3649
141,587.7192,525.2174,630.7017,700.3203,1009.4810
142,588.5964,524.3478,635.9649,705.3492,1012.8365
143,591.2280,523.4782,632.4561,710.3804,1011.7217
144,586.8421,527.8261,633.3333,715.4107,1011.9758
145,592.9824,530.4347,636.8421,720.4431,1019.0962
146,594.7368,532.1738,637.7192,725.4696,1021.5707
147,592.1052,532.1738,634.2105,730.4982,1017.8510
148,592.1052,532.1738,635.0877,735.5219,1018.3978
149,589.4736,524.3478,635.0877,740.5418,1012.7962
150,589.4736,527.8261,636.8421,745.5667,1015.7005
151,590.3508,528.6956,636.8421,750.5996,1016.6617
152,588.5964,524.3478,636.8421,755.6299,1013.3875
153,585.0877,525.2174,635.0877,760.6579,1010.7014
154,590.3508,525.2174,638.5964,765.6800,1015.9591
155,590.3508,523.4782,637.7192,770.7092,1014.5095
156,589.4736,525.2174,635.9649,775.7384,1013.7968
157,587.7192,521.7391,639.4736,780.7697,1013.1891
158,589.4736,520.0000,639.4736,785.8011,1013.3142
159,591.2280,517.3912,641.2280,790.8095,1014.1093
160,585.0877,519.1304,641.2280,795.8446,1011.4334
161,585.0877,517.3912,636.8421,800.8781,1007.7644
162,586.8421,516.5217,641.2280,805.9160,1011.1141
163,582.4561,517.3912,635.0877,810.9544,1005.1294
164,582.4561,514.7825,636.8421,815.9895,1004.9000
165,581.5789,516.5217,632.4561,821.0333,1002.5115
166,577.1929,518.2608,631.5789,826.0678,1000.3189
167,577.1929,519.1304,628.0701,831.0997,998.5591
168,576.3157,521.7391,628.0701,836.0374,999.4117
169,577.1929,520.8695,631.5789,840.9801,1001.6729
170,571.0526,521.7391,628.9473,846.0228,996.9391
171,575.4385,523.4782,630.7017,850.9685,1001.4708
172,575.4385,523.4782,623.6842,856.0122,997.0662
173,575.4385,522.6087,620.1754,860.9562,994.4179
174,578.0701,525.2174,629.8245,865.9084,1003.3431
175,575.4385,529.5652,625.4385,870.9458,1001.3702
176,578.9473,527.8261,625.4385,875.9856,1002.4738
177,578.9473,526.9565,626.3157,881.0300,1002.5640
178,578.9473,526.0869,628.0701,886.0684,1003.2047
179,578.9473,527.8261,624.5614,891.0959,1001.9268
180,578.0701,525.2174,631.5789,896.1370,1004.4453
181,577.1929,520.8695,627.1929,901.1733,998.9133
182,578.0701,519.1304,626.3157,906.1234,997.9644
183,578.9473,517.3912,628.9473,911.0644,999.2239
184,580.7017,515.6521,626.3157,916.0112,997.6889
185,579.8245,517.3912,628.0701,920.9583,999.1809
186,578.0701,515.6521,631.5789,925.9055,999.4769
187,575.4385,516.5217,627.1929,930.8551,995.6381
188,578.9473,511.3043,628.0701,935.8055,995.5322
189,573.6842,506.9565,620.1754,940.7564,985.2593
190,575.4385,507.8260,623.6842,945.6977,988.9382
191,573.6842,506.9565,621.9298,950.6427,986.3646
192,576.3157,506.9565,620.1754,955.5889,986.7939
193,575.4385,504.3478,618.4210,960.5296,983.8399
194,578.0701,506.0869,619.2982,965.4714,986.8228
195,577.1929,505.2173,614.0350,970.4039,982.5657
196,577.1929,506.0869,618.4210,975.3370,985.7587
197,574.5614,503.4782,619.2982,980.2723,983.4335
198,566.6666,506.0869,621.0526,985.2244,981.2958
199,567.5438,509.5652,618.4210,990.1673,981.9406
200,581.5789,512.1738,621.9298,995.1189,993.6563
201,587.7192,520.0000,614.9122,1000.0671,996.9609
202,584.2105,514.7825,621.9298,1005.0877,996.5438
203,580.7017,508.6956,622.8070,1010.1250,991.9044
204,581.5789,511.3043,624.5614,1015.1667,994.8583
205,575.4385,504.3478,620.1754,1020.2077,984.9436
206,574.5614,509.5652,611.4035,1025.2467,981.6270
207,572.8070,504.3478,623.6842,1030.2969,985.6250
208,578.0701,494.7826,624.5614,1035.3283,984.4043
209,578.9473,494.7826,624.5614,1040.3526,984.9197
210,578.9473,500.8695,620.1754,1045.3840,985.2247
211,584.2105,496.5217,624.5614,1050.4143,988.8946
212,585.9649,497.3912,623.6842,1055.4434,989.8156
213,587.7192,499.1304,628.0701,1060.4758,994.4935
214,591.2280,495.6521,628.0701,1065.5001,994.8336
215,592.9824,493.0434,626.3157,1070.5270,993.4744
216,588.5964,490.4347,622.8070,1075.5524,987.3503
217,587.7192,490.4347,625.4385,1080.5865,988.4906
218,585.0877,488.6956,622.8070,1085.6188,984.3981
219,581.5789,487.8260,622.8070,1090.6459,981.8843
220,578.0701,489.5652,622.8070,1095.6816,980.6772
221,585.0877,493.9130,617.5438,1100.7097,983.6860
222,585.9649,486.0869,621.0526,1105.7404,982.5180
223,588.5964,489.5652,616.6666,1110.7653,983.0552
224,585.0877,493.9130,618.4210,1115.7917,984.2369
225,589.4736,492.1739,613.1578,1120.8215,982.6886
226,586.8421,493.9130,615.7894,1125.8615,983.6312
227,591.2280,495.6521,616.6666,1130.9093,987.6737
228,594.7368,500.0000,619.2982,1135.9547,993.6005
229,590.3508,500.8695,616.6666,1140.9794,989.7789
230,585.9649,500.8695,628.0701,1146.0260,994.3326
231,578.9473,511.3043,626.3157,1151.0611,994.4263
232,592.9824,526.9565,608.7719,1156.0994,999.9573
233,590.3508,516.5217,622.8070,1161.1422,1001.5974
234,588.5964,514.7825,631.5789,1166.2711,1005.1561
235,591.2280,527.8261,623.6842,1171.3996,1008.5301
236,600.0000,527.8261,624.5614,1176.5214,1014.2373
237,601.7543,530.4347,619.2982,1181.6228,1013.4099
238,600.0000,526.0869,621.9298,1186.7425,1011.7135
239,593.8596,526.0869,615.7894,1191.8413,1004.3074
240,592.1052,532.1738,619.2982,1196.9707,1008.6267
241,593.8596,532.1738,614.9122,1202.0964,1006.9733
242,598.2456,534.7825,610.5263,1207.2237,1008.2819
243,594.7368,534.7825,598.2456,1212.3516,998.8003
244,598.2456,537.3912,608.7719,1217.3830,1008.6081
245,599.1228,535.6521,612.2807,1222.5010,1010.3261
246,595.6140,542.6087,608.7719,1227.6170,1009.8433
247,585.9649,543.4782,600.0000,1232.7401,999.3615
248,589.4736,545.2174,599.1228,1237.7529,1001.8430
249,588.5964,536.5217,596.4912,1242.8726,995.0393
250,586.8421,538.2608,596.4912,1247.9105,994.9423
251,588.5964,540.0000,594.7368,1252.9548,995.8703
252,589.4736,540.8695,604.3859,1257.9807,1002.6472
253,592.1052,540.8695,606.1403,1263.1158,1005.2535
254,590.3508,537.3912,611.4035,1268.2397,1005.5435
255,589.4736,539.1304,609.6491,1273.3681,1004.8944
256,588.5964,533.0434,609.6491,1278.4873,1001.1259
257,587.7192,537.3912,609.6491,1283.6011,1002.9334
258,591.2280,531.3043,610.5263,1288.7236,1002.2860
259,587.7192,532.1738,614.0350,1293.8422,1002.8270
260,588.5964,534.7825,612.2807,1298.9685,1003.6562
261,591.2280,534.7825,613.1578,1304.1002,1005.7363
262,585.9649,534.7825,610.5263,1309.2281,1001.0443
263,580.7017,539.1304,605.2631,1314.3554,997.1056
264,578.9473,534.7825,603.5087,1319.3791,992.6708
265,579.8245,534.7825,597.3684,1324.4105,989.4635
266,581.5789,535.6521,603.5087,1329.4417,994.6759
267,578.9473,542.6087,603.5087,1334.4736,996.9088
268,575.4385,533.9130,598.2456,1339.5076,986.9602
269,577.1929,542.6087,600.0000,1344.5406,993.7685
270,571.0526,533.9130,608.7719,1349.5518,990.8417
271,572.8070,536.5217,608.7719,1354.5826,993.2606
272,571.9298,532.1738,608.7719,1359.6134,990.4120
273,575.4385,531.3043,612.2807,1364.6430,994.1335
274,575.4385,533.0434,622.8070,1369.6716,1001.5755
275,574.5614,528.6956,626.3157,1374.7888,1000.9552
276,575.4385,526.0869,623.6842,1379.9101,998.4382
277,573.6842,526.9565,625.4385,1384.9501,998.9845
278,572.8070,524.3478,633.3333,1389.9976,1002.0776
279,571.0526,520.0000,633.3333,1395.1250,998.8053
280,575.4385,528.6956,632.4561,1400.1417,1005.3106
281,580.7017,526.9565,636.8421,1405.2707,1010.1809
282,578.0701,528.6956,627.1929,1410.4040,1003.5214
283,580.7017,528.6956,632.4561,1415.5184,1008.3325
284,579.8245,532.1738,631.5789,1420.6397,1009.1072
285,571.0526,533.9130,629.8245,1425.7563,1003.9139
286,572.8070,531.3043,626.3157,1430.8778,1001.3309
287,573.6842,530.4347,627.1929,1436.0112,1001.9209
288,571.0526,530.4347,626.3157,1441.1385,999.8667
289,568.4210,533.9130,626.3157,1446.1748,1000.2185
290,565.7894,529.5652,622.8070,1451.3168,994.2060
291,564.0350,527.8261,629.8245,1456.3470,996.7020
292,562.2807,529.5652,629.8245,1461.3756,996.6333
293,557.8947,525.2174,634.2105,1466.4047,994.6470
294,551.7543,526.0869,633.3333,1471.4366,991.1162
295,554.3859,524.3478,629.8245,1476.4609,989.4258
296,556.1403,527.8261,627.1929,1481.4895,990.5874
297,557.0175,523.4782,628.9473,1486.5191,989.8852
298,558.7719,529.5652,625.4385,1491.5477,991.8865
299,557.0175,530.4347,624.5614,1496.5795,990.8110
300,553.5087,533.9130,622.8070,1501.6076,989.6078
301,557.0175,531.3043,625.4385,1506.6411,991.8297
302,558.7719,532.1738,623.6842,1511.6676,992.1779
303,563.1578,532.1738,621.9298,1516.6961,993.5554
304,559.6491,530.4347,614.0350,1521.7260,985.7014
305,558.7719,531.3043,622.8070,1526.7551,991.1604
306,554.3859,531.3043,618.4210,1531.7874,985.9375
307,557.0175,529.5652,621.9298,1536.8188,988.6882
308,560.5263,528.6956,621.9298,1541.8571,990.2047
309,560.5263,528.6956,627.1929,1546.9013,993.5189
310,560.5263,525.2174,631.5789,1551.9431,994.4520
311,561.4035,519.1304,628.9473,1556.9868,990.0733
312,553.5087,519.1304,630.7017,1562.0230,986.7386
313,553.5087,522.6087,632.4561,1567.0587,989.6931
314,565.7894,516.5217,635.0877,1572.0998,995.1124
315,564.9122,520.0000,637.7192,1577.1328,998.1041
316,565.7894,516.5217,635.9649,1582.1538,995.6725
317,572.8070,516.5217,639.4736,1587.1959,1001.9127
318,572.8070,517.3912,635.9649,1592.3276,1000.1264
319,577.1929,518.2608,633.3333,1597.4462,1001.4275
320,582.4561,519.1304,636.8421,1602.5628,1007.1342
321,577.1929,524.3478,632.4561,1607.6799,1004.0383
322,581.5789,525.2174,631.5789,1612.7943,1006.4687
323,580.7017,527.8261,631.5789,1617.9282,1007.3265
324,575.4385,533.9130,627.1929,1623.0642,1004.7705
325,578.9473,529.5652,632.4561,1628.1948,1007.7798
326,588.5964,523.4782,646.4912,1633.3265,1019.0319
327,589.4736,531.3043,635.0877,1638.4431,1016.4152
328,575.4385,537.3912,621.0526,1643.5601,1002.8087
329,578.9473,538.2608,619.2982,1648.6766,1004.2086
330,577.1929,540.8695,621.9298,1653.7952,1006.2247
331,580.7017,542.6087,628.0701,1658.9291,1012.9713
332,564.9122,543.4782,629.8245,1664.0618,1005.5712
333,590.3508,530.4347,635.0877,1669.1932,1016.4701
334,580.7017,534.7825,633.3333,1674.3216,1012.0859
335,586.8421,532.1738,630.7017,1679.4385,1012.6092
336,588.5964,525.2174,633.3333,1684.5596,1011.6373
337,593.8596,526.0869,639.4736,1689.6809,1019.0011
338,560.5263,540.0000,638.5964,1694.7913,1006.7746
339,559.6491,543.4782,627.1929,1699.8953,1000.9729
340,589.4736,516.5217,639.4736,1705.0314,1011.5337
341,577.1929,522.6087,635.0877,1710.1586,1004.7925
342,581.5789,516.5217,632.4561,1715.2974,1002.5115
343,578.0701,520.0000,630.7017,1720.4166,1001.1742
344,576.3157,522.6087,627.1929,1725.5124,999.3151
345,574.5614,526.0869,624.5614,1730.5416,998.4814
346,575.4385,524.3478,628.0701,1735.5688,1000.2711
347,582.4561,526.0869,624.5614,1740.6828,1003.0451
348,578.9473,524.3478,621.0526,1745.7961,997.9113
349,578.0701,524.3478,619.2982,1750.8367,996.3112
350,571.0526,529.5652,617.5438,1755.8746,993.9320
351,580.7017,524.3478,619.2982,1760.9151,997.8403
352,584.2105,524.3478,613.1578,1765.9584,996.0949
353,578.9473,524.3478,624.5614,1770.9941,1000.0988
354,585.9649,515.6521,626.3157,1776.1247,1000.7614
355,585.9649,515.6521,623.6842,1781.2580,999.1166
356,585.0877,510.4347,621.0526,1786.3133,994.2723
357,578.0701,523.4782,624.5614,1791.3370,999.1354
358,581.5789,513.9130,621.0526,1796.3623,994.0055
359,579.8245,518.2608,617.5438,1801.3828,993.0515
360,571.0526,514.7825,609.6491,1806.4091,981.2105
361,571.0526,516.5217,614.9122,1811.4356,985.3999
362,569.2982,519.1304,612.2807,1816.4637,984.1160
363,570.1754,516.5217,614.0350,1821.4885,984.3443
364,568.4210,516.5217,614.9122,1826.5128,983.8771
365,568.4210,515.6521,613.1578,1831.5468,982.3249
366,564.9122,514.7825,614.0350,1836.5776,980.3908
367,563.1578,513.0434,617.5438,1841.6057,980.6736
368,566.6666,514.7825,616.6666,1846.6317,983.0513
369,571.9298,514.7825,625.4385,1851.6602,991.6038
370,576.3157,514.7825,623.6842,1856.6948,993.0372
371,574.5614,516.5217,624.5614,1861.7208,993.4749
372,574.5614,514.7825,623.6842,1866.7521,992.0201
373,569.2982,514.7825,618.4210,1871.7797,985.6704
374,558.7719,514.7825,614.0350,1876.8123,976.8655
375,580.7017,506.9565,627.1929,1881.8527,993.7758
376,596.4912,489.5652,642.9824,1886.8997,1004.4412
377,578.9473,504.3478,635.9649,1892.0357,996.9945
378,571.0526,504.3478,627.1929,1897.0773,986.8327
379,567.5438,508.6956,616.6666,1902.1108,980.3851
380,566.6666,505.2173,619.2982,1907.1524,979.7377
381,566.6666,506.0869,627.1929,1912.1951,985.1934
382,568.4210,507.8260,640.3508,1917.2308,995.5094
383,575.4385,508.6956,632.4561,1922.2740,994.9379
384,571.9298,506.9565,628.0701,1927.3195,989.2324
385,571.9298,501.7391,631.5789,1932.3513,988.8062
386,567.5438,506.0869,635.0877,1937.3869,990.7403
387,575.4385,503.4782,631.5789,1942.4117,991.7216
388,581.5789,504.3478,636.8421,1947.4473,999.0839
389,584.2105,506.9565,627.1929,1952.4754,995.8302
390,581.5789,516.5217,622.8070,1957.5090,996.4523
391,589.4736,518.2608,620.1754,1962.5424,1000.3455
392,587.7192,516.5217,619.2982,1967.6590,997.8671
393,590.3508,522.6087,616.6666,1972.6931,1000.9554
394,592.1052,525.2174,618.4210,1977.8155,1004.4334
395,592.9824,522.6087,618.4210,1982.9467,1003.5899
396,592.1052,526.9565,618.4210,1988.0822,1005.3439
397,591.2280,527.8261,617.5438,1993.2095,1004.7445
398,587.7192,524.3478,615.7894,1998.3435,999.7756
399,591.2280,526.0869,614.0350,2003.3764,1001.6772
400,588.5964,526.9565,612.2807,2008.4865,999.5082
401,588.5964,530.4347,612.2807,2013.5200,1001.3463
402,591.2280,527.8261,614.9122,2018.6397,1003.1292
403,582.4561,527.8261,614.9122,2023.7628,997.9843
404,581.5789,524.3478,609.6491,2028.7995,992.3944
405,584.2105,521.7391,621.9298,2033.8411,1000.1551
406,573.6842,520.8695,626.3157,2038.9735,996.3383
407,575.4385,518.2608,621.9298,2044.0200,993.2374
408,574.5614,514.7825,627.1929,2049.0561,994.2298
409,576.3157,510.4347,626.3157,2054.0917,992.4490
410,565.7894,523.4782,616.6666,2059.1308,987.1296
411,575.4385,514.7825,627.1929,2064.1723,994.7369
412,577.1929,507.8260,626.3157,2069.2138,991.6201
413,569.2982,513.0434,618.4210,2074.2561,984.7632
414,564.9122,514.7825,612.2807,2079.3059,979.2929
415,566.6666,517.3912,614.9122,2084.3359,983.3218
416,565.7894,518.2608,615.7894,2089.3674,983.8235
417,568.4210,516.5217,614.9122,2094.3991,983.8771
418,571.9298,517.3912,611.4035,2099.4331,984.1807
419,566.6666,517.3912,609.6491,2104.4633,980.0392
420,567.5438,516.5217,608.7719,2109.4909,979.5427
421,569.2982,520.0000,609.6491,2114.5234,982.9407
422,575.4385,525.2174,616.6666,2119.5363,993.6099
423,577.1929,525.2174,615.7894,2124.5698,994.0833
424,576.3157,521.7391,617.5438,2129.5974,992.8303
425,578.9473,526.0869,614.9122,2134.6308,995.0199
426,579.8245,520.8695,618.4210,2139.6557,994.9604
427,583.3333,526.9565,613.1578,2144.6940,996.9571
428,579.8245,529.5652,618.4210,2149.7292,999.5401
429,583.3333,527.8261,619.2982,2154.7622,1001.2034
430,582.4561,529.5652,617.5438,2159.8847,1000.5273
431,585.0877,528.6956,616.6666,2165.0192,1001.0617
432,579.8245,524.3478,621.9298,2170.1376,998.9664
433,577.1929,526.9565,616.6666,2175.1826,995.5464
434,579.8245,530.4347,621.0526,2180.2268,1001.6306
435,584.2105,527.8261,622.8070,2185.3574,1003.8878
436,579.8245,528.6956,622.8070,2190.4826,1001.8004
437,578.0701,526.9565,623.6842,2195.6083,1000.4151
438,578.0701,528.6956,620.1754,2200.7292,999.1505
439,580.7017,524.3478,618.4210,2205.7541,997.2962
440,578.9473,528.6956,621.0526,2210.7854,1000.2027
441,579.8245,524.3478,620.1754,2215.9030,997.8751
442,582.4561,530.4347,619.2982,2220.9494,1002.0710
443,581.5789,529.5652,620.1754,2226.0805,1001.6441
444,585.0877,530.4347,621.0526,2231.2080,1004.6865
445,587.7192,530.4347,624.5614,2236.3342,1008.3907
446,587.7192,531.3043,621.9298,2241.4555,1007.2213
447,581.5789,528.6956,621.9298,2246.5786,1002.2723
448,586.8421,529.5652,625.4385,2251.7004,1007.9664
449,585.0877,527.8261,619.2982,2256.8251,1002.2266
450,583.3333,532.1738,621.9298,2261.9562,1005.1286
451,584.2105,530.4347,624.5614,2267.0898,1006.3497
452,579.8245,523.4782,621.9298,2272.2194,998.5102
453,577.1929,525.2174,626.3157,2277.2658,1000.6380
454,582.4561,521.7391,622.8070,2282.3947,999.6776
455,579.8245,516.5217,621.9298,2287.4304,994.8808
456,569.2982,518.2608,624.5614,2292.4655,991.3484
457,575.4385,516.5217,623.6842,2297.4941,993.4315
458,573.6842,513.0434,618.4210,2302.5270,987.3052
459,565.7894,508.6956,619.2982,2307.5539,981.0297
460,567.5438,506.9565,621.0526,2312.5827,982.2511
461,564.0350,512.1738,613.1578,2317.6135,977.9674
462,575.4385,516.5217,615.7894,2322.6372,988.4943
463,572.8070,514.7825,614.0350,2327.6696,984.9609
464,571.0526,514.7825,618.4210,2332.6997,986.6847
465,576.3157,515.6521,617.5438,2337.7292,989.6451
466,578.9473,515.6521,615.7894,2342.7629,990.0878
467,579.8245,518.2608,620.1754,2347.7963,994.6901
468,576.3157,517.3912,621.0526,2352.8408,992.7436
469,580.7017,519.1304,618.4210,2357.8791,994.5630
470,580.7017,520.0000,622.8070,2362.9213,997.7490
471,585.9649,516.5217,625.4385,2367.9499,1000.6612
472,583.3333,513.9130,631.5789,2373.0856,1001.6367
473,578.0701,514.7825,625.4385,2378.2170,995.1581
474,584.2105,506.0869,633.3333,2383.2531,999.2682
475,578.9473,509.5652,632.4561,2388.3012,997.4154
476,575.4385,506.9565,634.2105,2393.3337,995.1670
477,580.7017,507.8260,633.3333,2398.3666,998.1046
478,582.4561,509.5652,635.0877,2403.4001,1001.1234
479,579.8245,511.3043,632.4561,2408.5166,998.8140
480,583.3333,509.5652,628.0701,2413.5517,997.1994
481,581.5789,513.9130,621.0526,2418.5776,994.0055
482,585.0877,517.3912,626.3157,2423.5996,1001.1457
483,583.3333,517.3912,627.1929,2428.7133,1000.6710
484,592.1052,515.6521,626.3157,2433.8337,1004.3690
485,591.2280,517.3912,631.5789,2438.9638,1008.0358
486,591.2280,523.4782,627.1929,2444.0927,1008.4400
487,593.8596,527.8261,627.1929,2449.2211,1012.2453
488,593.8596,528.6956,629.8245,2454.3540,1014.3309
489,594.7368,530.4347,625.4385,2459.4780,1013.0382
490,600.0000,528.6956,629.8245,2464.5966,1017.9381
491,600.0000,531.3043,628.0701,2469.7028,1018.2124
492,595.6140,526.9565,631.5789,2474.7998,1015.5447
493,595.6140,527.8261,631.5789,2479.9370,1015.9962
494,595.6140,527.8261,631.5789,2485.0751,1015.9962
495,592.1052,525.2174,628.9473,2490.2080,1010.9484
496,592.1052,522.6087,628.9473,2495.3403,1009.5956
497,593.8596,525.2174,627.1929,2500.4621,1010.8875
498,593.8596,520.0000,623.6842,2505.5852,1006.0075
499,591.2280,517.3912,622.8070,2510.6816,1002.5632
500,596.4912,517.3912,623.6842,2515.8020,1006.2194
501,597.3684,517.3912,634.2105,2520.9353,1013.2944
502,598.2456,506.0869,635.0877,2526.0668,1008.6417
503,593.8596,506.0869,633.3333,2531.1889,1004.9399
504,594.7368,504.3478,634.2105,2536.3195,1005.1375
505,596.4912,500.0000,633.3333,2541.4377,1003.4505
506,596.4912,506.0869,634.2105,2546.5407,1007.0494
507,591.2280,500.0000,632.4561,2551.6545,999.7756
508,583.3333,505.2173,624.5614,2556.6689,992.7735
509,585.9649,495.6521,628.0701,2561.7014,991.7147
510,585.0877,489.5652,633.3333,2566.7341,991.5204
511,576.3157,495.6521,625.4385,2571.7622,984.3700
512,575.4385,497.3912,621.0526,2576.7968,981.9541
513,569.2982,500.8695,614.9122,2581.8386,976.2622
514,563.1578,503.4782,606.1403,2586.8872,968.5263
515,564.0350,506.0869,608.7719,2591.9311,972.0405
516,569.2982,506.9565,607.8947,2596.9645,975.0083
517,567.5438,511.3043,602.6315,2602.0063,972.9866
518,567.5438,515.6521,601.7543,2607.0456,974.7366
519,565.7894,515.6521,600.8771,2612.0883,973.1743
520,568.4210,516.5217,603.5087,2617.1311,976.7907
521,575.4385,525.2174,600.0000,2622.1738,983.3529
522,580.7017,525.2174,594.7368,2627.1982,983.2495
523,580.7017,522.6087,600.0000,2632.2414,985.0555
524,584.2105,523.4782,597.3684,2637.2624,985.9921
525,584.2105,527.8261,594.7368,2642.3171,986.7189
526,588.5964,528.6956,592.1052,2647.3518,988.2072
527,592.1052,526.9565,598.2456,2652.3791,993.0607
528,592.1052,527.8261,593.8596,2657.4069,990.8876
529,597.3684,520.8695,598.2456,2662.4406,993.0014
530,595.6140,518.2608,603.5087,2667.4665,993.7672
531,590.3508,520.8695,603.5087,2672.4990,991.9889
532,599.1228,520.8695,594.7368,2677.5351,991.9501
533,599.1228,518.2608,608.7719,2682.5708,999.0723
534,593.8596,520.0000,605.2631,2687.5971,994.6923
535,642.1052,613.0434,615.7894,2692.6115,1080.4250
536,566.6666,489.5652,333.3333,2697.7280,819.6928
537,374.5614,645.2174,985.9649,2702.7641,1236.4176
538,604.3859,504.3478,921.0526,2707.8903,1211.6052
539,1071.9298,492.1739,887.7192,2713.0214,1476.2500
540,570.1754,180.8695,301.7543,2718.2429,669.9772
541,553.5087,325.2173,474.5614,2723.2990,798.3400
542,640.3508,460.8695,668.4210,2728.3312,1034.0390
543,430.7017,686.0869,636.8421,2733.4511,1030.4305
544,384.2105,709.5652,568.4210,2738.5729,987.0172
545,542.1052,633.0434,588.5964,2743.5988,1020.3273
546,567.5438,476.5217,558.7719,2748.7126,928.1190
547,492.9824,489.5652,559.6491,2753.7451,892.1395
548,501.7543,520.0000,587.7192,2758.7785,931.4351
549,537.7192,475.6521,542.1052,2763.7941,899.5916
550,578.0701,437.3912,596.4912,2768.8400,938.7640
551,575.4385,447.8260,657.0175,2773.8823,981.5038
552,554.3859,465.2173,621.0526,2778.9257,953.6652
553,575.4385,453.9130,607.8947,2783.9677,952.2093
554,578.9473,440.8695,625.4385,2789.0163,959.5413
555,592.1052,440.8695,651.7543,2794.0590,984.7529
556,620.1754,441.7391,648.2456,2799.1000,999.9866
557,630.7017,440.0000,641.2280,2804.1428,1001.2782
558,637.7192,450.4347,646.4912,2809.2556,1013.6707
559,632.4561,461.7391,639.4736,2814.3920,1011.0046
560,631.5789,464.3478,628.9473,2819.5097,1005.0301
561,635.9649,461.7391,624.5614,2824.6289,1003.8582
562,628.0701,459.1304,631.5789,2829.7556,1002.0802
563,623.6842,460.8695,624.5614,2834.8684,995.7207
564,619.2982,465.2173,621.9298,2839.9182,993.3550
565,622.8070,466.9565,621.9298,2844.9636,996.3601
566,625.4385,471.3043,626.3157,2850.0144,1002.7824
567,624.5614,474.7826,631.5789,2855.1430,1007.1680
568,627.1929,480.8695,631.5789,2860.2741,1011.6810
569,635.0877,483.4782,637.7192,2865.4096,1021.6523
570,642.9824,483.4782,642.1052,2870.5310,1029.3089
571,640.3508,483.4782,642.1052,2875.6523,1027.6671
572,640.3508,490.4347,643.8596,2880.7736,1032.0517
573,635.9649,490.4347,643.8596,2885.8950,1029.3360
574,631.5789,487.8260,643.8596,2891.0349,1025.3884
575,633.3333,497.3912,644.7368,2896.1684,1031.5981
576,632.4561,495.6521,639.4736,2901.3125,1026.9364
577,631.5789,493.9130,638.5964,2906.4382,1025.0109
578,633.3333,499.1304,638.5964,2911.5595,1028.6145
579,626.3157,502.6087,628.9473,2916.6799,1020.0302
580,625.4385,511.3043,625.4385,2921.7995,1021.6550
581,625.4385,510.4347,623.6842,2926.9362,1020.1466
582,625.4385,519.1304,612.2807,2932.0727,1017.6234
583,621.0526,521.7391,613.1578,2937.1994,1016.7992
584,620.1754,521.7391,605.2631,2942.3278,1011.5200
585,619.2982,521.7391,607.0175,2947.4487,1012.0337
586,627.1929,520.8695,609.6491,2952.5603,1018.0119
587,627.1929,523.4782,614.9122,2957.6779,1022.5056
588,628.0701,515.6521,617.5438,2962.8010,1020.6516
589,630.7017,516.5217,616.6666,2967.9333,1022.1825
590,631.5789,509.5652,616.6666,2973.0688,1019.2283
591,627.1929,505.2173,618.4210,2978.1989,1015.4113
592,623.6842,500.0000,613.1578,2983.3303,1007.4445
593,620.1754,501.7391,617.5438,2988.4326,1008.8211
594,615.7894,498.2608,614.9122,2993.5556,1002.7849
595,616.6666,492.1739,621.9298,2998.6804,1004.6440
596,614.0350,490.4347,623.6842,3003.8039,1003.2683
597,621.0526,486.9565,626.3157,3008.9355,1007.5239
598,623.6842,489.5652,631.5789,3014.0678,1013.6804
599,620.1754,482.6087,631.5789,3019.1977,1008.1768
600,618.4210,484.3478,631.5789,3024.3288,1007.9332
601,614.0350,487.8260,629.8245,3029.4519,1005.8292
602,612.2807,488.6956,625.4385,3034.5744,1002.4392
603,614.0350,489.5652,625.4385,3039.6962,1003.9355
604,610.5263,493.9130,619.2982,3044.8154,1000.1113
605,613.1578,499.1304,615.7894,3049.9499,1002.1429
606,607.8947,500.0000,604.3859,3055.0793,992.3801
607,610.5263,502.6087,609.6491,3060.1015,998.5138
608,609.6491,506.0869,607.8947,3065.1486,998.6651
609,616.6666,508.6956,607.0175,3070.1896,1003.7526
610,614.9122,513.0434,605.2631,3075.3181,1003.8297
611,606.1403,515.6521,603.5087,3080.4350,998.7623
612,599.1228,520.8695,614.0350,3085.4680,1003.6395
613,604.3859,514.7825,639.4736,3090.5856,1019.4165
614,633.3333,497.3912,620.1754,3095.7077,1016.4284
615,624.5614,504.3478,626.3157,3100.8291,1018.1920
616,618.4210,514.7825,619.2982,3105.9604,1015.3698
617,613.1578,515.6521,626.3157,3111.0930,1016.9224
618,619.2982,511.3043,624.5614,3116.2214,1017.3688
619,617.5438,514.7825,607.8947,3121.3537,1007.9174
620,605.2631,518.2608,612.2807,3126.4790,1004.9007
621,601.7543,524.3478,607.8947,3131.5981,1003.2871
622,599.1228,524.3478,605.2631,3136.7216,1000.1161
623,610.5263,510.4347,612.2807,3141.8376,1004.0785
624,603.5087,514.7825,608.7719,3146.9689,999.9135
625,603.5087,512.1738,609.6491,3152.0153,999.1080
626,600.0000,512.1738,609.6491,3157.0493,996.9925
627,605.2631,515.6521,612.2807,3162.0693,1003.5578
628,607.8947,514.7825,621.0526,3167.1977,1010.0709
629,609.6491,507.8260,618.4210,3172.3234,1005.9840
630,605.2631,510.4347,620.1754,3177.4501,1005.7359
631,605.2631,504.3478,620.1754,3182.5715,1002.6603
632,604.3859,506.0869,622.8070,3187.6923,1004.6367
633,601.7543,500.0000,625.4385,3192.8127,1001.6395
634,607.0175,506.9565,621.9298,3197.9309,1006.1172
635,607.8947,503.4782,621.9298,3203.0625,1004.8995
636,603.5087,504.3478,622.8070,3208.1979,1003.2338
637,606.1403,503.4782,625.4385,3213.3298,1006.0169
638,603.5087,506.9565,616.6666,3218.4458,1000.7525
639,603.5087,503.4782,619.2982,3223.5732,1000.6215
640,599.1228,504.3478,612.2807,3228.6979,994.0837
641,598.2456,509.5652,614.0350,3233.7246,997.2931
642,595.6140,511.3043,608.7719,3238.7536,993.3737
643,595.6140,508.6956,609.6491,3243.7907,992.5720
644,592.1052,508.6956,603.5087,3248.8391,986.7030
645,592.1052,507.8260,606.1403,3253.8835,987.8674
646,587.7192,500.8695,603.5087,3258.9289,980.0546
647,592.9824,510.4347,605.2631,3263.9755,989.1994
648,591.2280,509.5652,609.6491,3269.0236,990.3935
649,590.3508,509.5652,608.7719,3274.0637,989.3301
650,596.4912,510.4347,607.8947,3279.1037,992.9155
651,598.2456,514.7825,609.6491,3284.1513,997.2817
652,595.6140,510.4347,612.2807,3289.1931,995.0816
653,594.7368,509.5652,614.0350,3294.2341,995.1922
654,596.4912,506.0869,606.1403,3299.2731,989.6119
655,592.1052,512.1738,607.8947,3304.3181,991.1845
656,588.5964,507.8260,610.5263,3309.3457,988.4713
657,593.8596,503.4782,613.1578,3314.3828,991.0208
658,594.7368,508.6956,611.4035,3319.4108,993.1250
659,592.9824,506.0869,610.5263,3324.4421,990.1992
660,594.7368,505.2173,610.5263,3329.4729,990.8071
661,594.7368,506.0869,614.9122,3334.5080,993.9582
662,592.1052,513.9130,607.8947,3339.5422,992.0842
663,599.1228,502.6087,615.7894,3344.5729,995.3694
664,597.3684,508.6956,610.5263,3349.6081,994.1643
665,595.6140,510.4347,609.6491,3354.6411,993.4645
666,600.0000,508.6956,619.2982,3359.6801,1001.1500
667,603.5087,505.2173,617.5438,3364.7829,1000.4138
668,603.5087,514.7825,614.0350,3369.9082,1003.1266
669,600.8771,513.0434,617.5438,3375.0361,1002.8097
670,604.3859,513.0434,615.7894,3380.1623,1003.8389
671,606.1403,509.5652,615.7894,3385.3034,1003.1248
672,609.6491,507.8260,617.5438,3390.4221,1005.4450
673,598.2456,514.7825,612.2807,3395.5483,998.8927
674,603.5087,513.0434,615.7894,3400.5817,1003.3110
675,606.1403,510.4347,611.4035,3405.6989,1000.8816
676,607.0175,510.4347,614.9122,3410.8242,1003.5592
677,604.3859,508.6956,612.2807,3415.9575,999.4705
678,599.1228,514.7825,607.0175,3421.0034,996.2025
679,600.0000,514.7825,605.2631,3426.0314,995.6629
680,595.6140,514.7825,602.6315,3431.0510,991.4242
681,600.8771,514.7825,606.1403,3436.0922,996.7249
682,598.2456,514.7825,610.5263,3441.1333,997.8182
683,596.4912,510.4347,607.8947,3446.1777,992.9155
684,597.3684,514.7825,607.0175,3451.2263,995.1484
685,593.8596,518.2608,604.3859,3456.2636,993.2502
686,594.7368,514.7825,604.3859,3461.3168,991.9654
687,591.2280,513.9130,610.5263,3466.3518,993.1765
688,592.1052,509.5652,611.4035,3471.3842,991.9978
689,590.3508,512.1738,614.0350,3476.4162,993.9191
690,594.7368,518.2608,609.6491,3481.4421,996.9845
691,585.0877,517.3912,600.8771,3486.4763,985.4312
692,571.0526,512.1738,602.6315,3491.5058,975.4937
693,584.2105,505.2173,612.2807,3496.5329,985.6135
694,580.7017,510.4347,603.5087,3501.5651,980.8063
695,583.3333,523.4782,600.0000,3506.6020,987.0700
696,590.3508,513.0434,607.8947,3511.6145,990.5875
697,587.7192,520.0000,607.8947,3516.6455,992.6479
698,585.0877,527.8261,600.0000,3521.6630,990.4180
699,593.8596,526.9565,599.1228,3526.6774,994.6359
700,598.2456,525.2174,604.3859,3531.7131,999.5166
701,582.4561,520.0000,610.5263,3536.7460,991.1596
702,587.7192,517.3912,606.1403,3541.7590,990.2089
703,592.9824,520.0000,607.8947,3546.7907,995.7731
704,593.8596,510.4347,613.1578,3551.8095,994.5730
705,584.2105,520.8695,622.8070,3556.8574,1000.2477
706,599.1228,534.7825,607.8947,3561.9938,1007.2122
707,602.6315,528.6956,606.1403,3567.1267,1005.0324
708,594.7368,530.4347,608.7719,3572.2521,1002.8340
709,592.9824,515.6521,609.6491,3577.3891,994.5840
710,581.5789,516.5217,609.6491,3582.4260,988.2817
711,588.5964,524.3478,596.4912,3587.4602,988.5283
712,591.2280,523.4782,600.8771,3592.4924,992.2870
713,596.4912,520.8695,605.2631,3597.5266,996.7197
714,597.3684,521.7391,606.1403,3602.5634,998.2318
715,592.1052,527.8261,604.3859,3607.5957,997.2319
716,592.9824,522.6087,604.3859,3612.6281,995.0027
717,592.1052,525.2174,606.1403,3617.6567,996.9193
718,592.1052,527.8261,600.0000,3622.6870,994.5798
719,589.4736,526.9565,609.6491,3627.7021,998.4159
720,594.7368,522.6087,610.5263,3632.7404,999.7870
721,603.5087,528.6956,603.5087,3637.7783,1003.9745
722,596.4912,524.3478,600.0000,3642.9025,995.3604
723,602.6315,518.2608,604.3859,3647.9277,998.5197
724,596.4912,514.7825,605.2631,3652.9731,993.5524
725,589.4736,517.3912,601.7543,3658.0202,988.5754
726,598.2456,515.6521,603.5087,3663.0593,993.9908
727,600.0000,515.6521,605.2631,3668.1013,996.1127
728,598.2456,513.0434,599.1228,3673.1230,989.9795
729,597.3684,513.0434,606.1403,3678.1594,993.7145
730,596.4912,516.5217,603.5087,3683.1960,993.3878
731,595.6140,514.7825,605.2631,3688.2392,993.0260
732,598.2456,515.6521,610.5263,3693.2890,998.2671
733,593.8596,509.5652,606.1403,3698.3210,989.8142
734,586.8421,500.0000,611.4035,3703.3547,983.9704
735,585.9649,503.4782,610.5263,3708.3708,984.6763
736,579.8245,507.8260,606.1403,3713.4082,980.5559
737,584.2105,514.7825,603.5087,3718.4450,985.1527
738,581.5789,514.7825,603.5087,3723.4750,983.5944
739,583.3333,509.5652,604.3859,3728.5087,982.4545
740,582.4561,510.4347,603.5087,3733.5419,981.8460
741,582.4561,516.5217,604.3859,3738.5798,985.5618
742,578.0701,518.2608,599.1228,3743.6123,980.6669
743,577.1929,515.6521,599.1228,3748.6386,978.7732
744,581.5789,520.0000,600.0000,3753.6699,984.1920
745,582.4561,521.7391,599.1228,3758.6645,985.0964
746,579.8245,513.9130,595.6140,3763.6950,977.2713
747,585.9649,523.4782,598.2456,3768.7324,987.5637
748,590.3508,519.1304,597.3684,3773.7685,987.3497
749,581.5789,520.8695,599.1228,3778.8005,984.1174
750,587.7192,519.1304,602.6315,3783.8437,988.9768
751,586.8421,521.7391,600.0000,3788.8891,988.2283
752,590.3508,520.0000,600.0000,3793.9177,989.4009
753,593.8596,520.8695,605.2631,3798.9240,995.1471
754,595.6140,517.3912,606.1403,3803.9704,994.9150
755,596.4912,512.1738,608.7719,3809.0144,994.3475
756,592.1052,514.7825,604.3859,3814.0512,990.3899
757,590.3508,514.7825,603.5087,3819.0883,988.8064
758,592.1052,513.9130,603.5087,3824.1284,989.4028
759,596.4912,512.1738,606.1403,3829.1699,992.7386
760,590.3508,516.5217,603.5087,3834.2104,989.7129
761,593.8596,517.3912,599.1228,3839.2531,989.6015
762,591.2280,516.5217,597.3684,3844.3063,986.5061
763,592.9824,515.6521,603.5087,3849.3371,990.8320
764,593.8596,515.6521,602.6315,3854.3740,990.8234
765,592.9824,521.7391,607.0175,3859.4111,996.1477
766,595.6140,515.6521,607.0175,3864.4401,994.5468
767,593.8596,516.5217,603.5087,3869.4704,991.8098
768,591.2280,513.0434,602.6315,3874.5046,987.8912
769,593.8596,513.0434,607.0175,3879.5332,992.1456
770,590.3508,517.3912,606.1403,3884.5559,991.7731
771,592.1052,520.0000,605.2631,3889.5878,993.6459
772,590.3508,520.8695,601.7543,3894.6000,990.9226
773,595.6140,523.4782,600.0000,3899.6384,994.3769
774,590.3508,517.3912,602.6315,3904.6540,989.6326
775,593.8596,515.6521,605.2631,3909.6870,992.4262
776,593.8596,519.1304,603.5087,3914.7226,993.1709
777,592.9824,520.0000,600.8771,3919.7541,991.5047
778,587.7192,516.5217,598.2456,3924.7714,984.9398
779,585.0877,517.3912,603.5087,3929.8061,987.0380
780,588.5964,515.6521,607.8947,3934.8417,990.8980
781,590.3508,514.7825,605.2631,3939.8920,989.8781
782,587.7192,514.7825,605.2631,3944.9387,988.3109
783,587.7192,515.6521,605.2631,3949.9841,988.7642
784,592.1052,518.2608,606.1403,3955.0324,993.2719
785,592.9824,515.6521,605.2631,3960.0651,991.9016
786,593.8596,515.6521,608.7719,3965.1101,994.5700
787,593.8596,519.1304,604.3859,3970.1555,993.7042
788,593.8596,517.3912,609.6491,3975.1982,996.0095
789,595.6140,520.0000,608.7719,3980.2351,997.8773
790,596.4912,522.6087,606.1403,3985.2622,998.1622
791,598.2456,518.2608,606.1403,3990.3164,996.9444
792,595.6140,517.3912,607.0175,3995.3466,995.4497
793,592.1052,520.0000,605.2631,4000.3742,993.6459
794,593.8596,516.5217,603.5087,4005.3859,991.8098
795,593.8596,519.1304,608.7719,4010.4194,996.3778
796,593.8596,517.3912,607.0175,4015.4523,994.4009
797,594.7368,516.5217,607.8947,4020.4799,995.0088
798,598.2456,519.1304,604.3859,4025.5080,996.3316
799,595.6140,516.5217,606.1403,4030.5373,994.4631
800,592.9824,517.3912,603.5087,4035.5698,991.7382
801,596.4912,513.9130,607.8947,4040.6040,994.7081
802,594.7368,513.9130,607.0175,4045.6423,993.1207
803,593.8596,520.0000,608.7719,4050.6726,996.8312
804,595.6140,518.2608,604.3859,4055.6904,994.3001
805,598.2456,523.4782,603.5087,4060.7221,998.0732
806,596.4912,520.8695,607.8947,4065.7524,998.3200
807,593.8596,519.1304,604.3859,4070.7895,993.7042
808,592.9824,519.1304,606.1403,4075.8349,994.2488
809,588.5964,521.7391,603.5087,4080.8767,991.4032
810,592.1052,520.0000,606.1403,4085.9252,994.1804
811,592.9824,521.7391,604.3859,4090.9462,994.5463
812,593.8596,520.0000,604.3859,4095.9948,994.1587
813,591.2280,515.6521,607.0175,4101.0214,991.9264
814,591.2280,520.0000,606.1403,4106.0595,993.6583
815,589.4736,516.5217,603.5087,4111.0800,989.1899
816,590.3508,516.5217,608.7719,4116.1196,992.9310
817,592.1052,513.9130,605.2631,4121.1640,990.4739
818,592.9824,518.2608,607.0175,4126.2075,994.3303
819,591.2280,516.5217,609.6491,4131.2446,993.9906
820,592.9824,510.4347,605.2631,4136.3017,989.1994
821,590.3508,514.7825,605.2631,4141.3374,989.8781
822,592.1052,513.0434,606.1403,4146.3725,990.5596
823,593.8596,512.1738,606.1403,4151.3964,991.1596
824,592.1052,514.7825,607.8947,4156.4243,992.5350
825,595.6140,509.5652,609.6491,4161.4580,993.0180
826,589.4736,511.3043,609.6491,4166.4892,990.2441
827,588.5964,509.5652,607.0175,4171.5263,987.2045
828,588.5964,512.1738,603.5087,4176.5551,986.4029
829,590.3508,516.5217,604.3859,4181.5878,990.2481
830,591.2280,513.0434,600.8771,4186.6196,986.8220
831,588.5964,513.0434,601.7543,4191.6508,985.7828
832,585.0877,510.4347,603.5087,4196.6816,983.4094
833,589.4736,514.7825,602.6315,4201.7148,987.7475
834,592.1052,514.7825,600.8771,4206.7529,988.2526
835,592.1052,515.6521,600.8771,4211.7861,988.7058
836,591.2280,513.9130,602.6315,4216.8203,988.3430
837,592.1052,515.6521,603.5087,4221.8696,990.3073
838,591.2280,513.0434,599.1228,4226.9145,985.7546
839,588.5964,512.1738,603.5087,4231.9541,986.4029
840,591.2280,512.1738,603.5087,4236.9985,987.9755
841,592.1052,508.6956,603.5087,4242.0429,986.7030
842,591.2280,509.5652,602.6315,4247.0825,986.0893
843,593.8596,510.4347,603.5087,4252.1215,988.6535
844,593.8596,514.7825,602.6315,4257.1684,990.3712
845,595.6140,510.4347,605.2631,4262.2133,990.7791
846,596.4912,511.3043,605.2631,4267.2602,991.7546
847,594.7368,514.7825,600.8771,4272.3178,989.8314
848,596.4912,514.7825,601.7543,4277.3544,991.4188
849,595.6140,509.5652,603.5087,4282.3891,989.2601
850,597.3684,511.3043,601.7543,4287.4238,990.1461
851,592.9824,514.7825,606.1403,4292.4589,991.9856
852,595.6140,514.7825,603.5087,4297.4926,991.9577
853,594.7368,514.7825,604.3859,4302.5283,991.9654
854,595.6140,509.5652,603.5087,4307.5649,989.2601
855,593.8596,507.8260,603.5087,4312.5996,987.3092
856,593.8596,513.0434,605.2631,4317.6386,991.0733
857,597.3684,513.9130,607.0175,4322.6635,994.6989
858,596.4912,509.5652,607.0175,4327.6958,991.9318
859,595.6140,513.0434,607.0175,4332.7270,993.1968
860,596.4912,508.6956,600.8771,4337.7504,987.7380
861,595.6140,509.5652,604.3859,4342.7890,989.7955
862,596.4912,512.1738,599.1228,4347.8374,988.4695
863,598.2456,514.7825,607.0175,4352.8808,995.6752
864,596.4912,514.7825,606.1403,4357.9233,994.0870
865,593.8596,514.7825,600.8771,4362.9638,989.3046
866,595.6140,515.6521,599.1228,4368.0126,989.7481
867,596.4912,516.5217,601.7543,4373.0537,992.3229
868,592.1052,515.6521,600.0000,4378.0947,988.1729
869,594.7368,510.4347,597.3684,4383.1152,985.4463
870,593.8596,513.9130,599.1228,4388.1625,987.7874
871,593.8596,514.7825,598.2456,4393.2094,987.7085
872,595.6140,507.8260,599.1228,4398.2548,985.6934
873,596.4912,511.3043,598.2456,4403.3129,987.4875
874,590.3508,506.9565,596.4912,4408.3481,980.4697
875,592.1052,507.8260,595.6140,4413.3857,981.4438
876,588.5964,503.4782,594.7368,4418.4204,976.5490
877,589.4736,506.0869,596.4912,4423.4594,979.4921
878,585.0877,504.3478,596.4912,4428.4907,975.9591
879,590.3508,501.7391,599.1228,4433.5219,979.3898
880,587.7192,498.2608,600.0000,4438.5566,976.5643
881,583.3333,502.6087,594.7368,4443.5722,972.9363
882,584.2105,500.8695,594.7368,4448.6113,972.5657
883,586.8421,500.8695,600.0000,4453.6489,977.3709
884,585.9649,499.1304,603.5087,4458.6684,978.1149
885,589.4736,502.6087,595.6140,4463.7011,977.1646
886,589.4736,504.3478,599.1228,4468.7373,980.2010
887,590.3508,508.6956,595.6140,4473.7680,980.8371
888,593.8596,514.7825,590.3508,4478.8051,982.9468
889,597.3684,514.7825,593.8596,4483.8525,987.1774
890,595.6140,512.1738,591.2280,4488.8994,983.1728
891,599.1228,513.9130,592.9824,4493.9428,987.2603
892,604.3859,520.8695,592.9824,4498.9897,994.0903
893,600.8771,518.2608,587.7192,4504.0356,987.4521
894,603.5087,521.7391,589.4736,4509.0771,991.9243
895,597.3684,522.6087,587.7192,4514.1215,987.6147
896,600.8771,519.1304,587.7192,4519.1679,987.9088
897,599.1228,520.0000,584.2105,4524.2128,985.2157
898,598.2456,520.8695,583.3333,4529.2338,984.6220
899,598.2456,522.6087,584.2105,4534.2915,986.0626
900,599.1228,522.6087,585.0877,4539.3212,987.1148
901,596.4912,519.1304,584.2105,4544.3476,983.1582
902,598.2456,516.5217,588.5964,4549.3764,985.4635
903,593.8596,514.7825,587.7192,4554.4101,981.3685
904,595.6140,542.6087,661.4035,4559.4467,1042.4178
905,644.7368,574.7825,594.7368,4564.5722,1048.7003
906,773.6842,946.9565,775.4385,4569.7001,1447.9705
907,270.1754,706.0869,594.7368,4574.8320,961.9072
908,700.8771,410.4347,933.3333,4579.8759,1237.2536
909,1035.0877,352.1739,592.1052,4585.0146,1243.3912
910,524.5614,200.0000,333.3333,4590.2246,652.8980
911,524.5614,377.3912,645.6140,4595.2500,913.4584
912,673.6842,543.4782,658.7719,4600.3061,1087.7497
913,373.6842,531.3043,539.4736,4605.4331,844.3672
914,473.6842,522.6087,528.0701,4610.4687,881.1099
915,517.5438,420.8695,559.6491,4615.4990,870.7410
916,483.3333,420.0000,598.2456,4620.5375,876.3041
917,473.6842,483.4782,554.3859,4625.5517,874.9124
918,522.8070,476.5217,576.3157,4630.5908,912.4363
919,547.3684,454.7826,594.7368,4635.6240,927.4434
920,542.1052,473.0434,559.6491,4640.6591,911.5126
921,535.9649,467.8260,557.0175,4645.6884,903.5419
922,557.0175,452.1739,585.0877,4650.7211,925.7739
923,546.4912,472.1739,588.5964,4655.7441,931.6902
924,567.5438,477.3912,587.7192,4660.7778,946.2676
925,614.0350,465.2173,623.6842,4665.8129,991.1853
926,625.4385,460.8695,604.3859,4670.8544,984.3051
927,608.7719,461.7391,590.3508,4675.9018,965.5674
928,599.1228,471.3043,587.7192,4680.9506,962.5434
929,609.6491,468.6956,593.8596,4685.9975,971.6053
930,612.2807,464.3478,593.8596,4691.0468,971.1724
931,614.0350,460.8695,594.7368,4696.0854,971.1599
932,617.5438,459.1304,599.1228,4701.1250,975.2483
933,617.5438,463.4782,596.4912,4706.1630,975.6917
934,622.8070,467.8260,598.2456,4711.2099,982.1647
935,629.8245,486.9565,596.4912,4716.2568,994.7901
936,631.5789,478.2608,612.2807,4721.3178,1001.2557
937,650.0000,487.8260,608.7719,4726.4384,1015.4198
938,642.1052,488.6956,606.1403,4731.5463,1009.2218
939,645.6140,498.2608,606.1403,4736.6660,1016.1139
940,649.1228,495.6521,609.6491,4741.7856,1019.1680
941,647.3684,507.8260,613.1578,4746.9101,1026.1265
942,642.9824,509.5652,615.7894,4752.0458,1025.8068
943,642.1052,509.5652,616.6666,4757.1811,1025.7844
944,641.2280,512.1738,615.7894,4762.3203,1026.0079
945,642.1052,514.7825,618.4210,4767.4335,1029.4390
946,637.7192,518.2608,623.6842,4772.5546,1031.6308
947,641.2280,516.5217,620.1754,4777.6791,1030.8179
948,639.4736,513.9130,623.6842,4782.8027,1030.5412
949,631.5789,517.3912,623.6842,4787.9433,1027.4082
950,634.2105,513.9130,620.1754,4793.0781,1025.1571
951,632.4561,517.3912,621.9298,4798.2060,1026.8841
952,627.1929,520.8695,616.6666,4803.3422,1022.2299
953,627.1929,521.7391,617.5438,4808.4663,1023.2024
954,620.1754,516.5217,609.6491,4813.5893,1011.4762
955,620.1754,523.4782,609.6491,4818.7128,1015.0463
956,614.0350,517.3912,604.3859,4823.8330,1004.9951
957,607.8947,517.3912,603.5087,4828.9638,1000.7260
958,606.1403,515.6521,600.8771,4834.1010,997.1743
959,604.3859,507.8260,599.1228,4839.1430,991.0186
960,600.0000,510.4347,596.4912,4844.1821,988.1019
961,603.5087,507.8260,597.3684,4849.2070,989.4236
962,598.2456,516.5217,590.3508,4854.2558,986.5123
963,598.2456,517.3912,589.4736,4859.3120,986.4434
964,592.9824,510.4347,591.2280,4864.3452,980.6745
965,590.3508,514.7825,595.6140,4869.3833,984.0078
966,594.7368,506.9565,605.2631,4874.4096,988.4636
967,593.8596,508.6956,599.1228,4879.4477,985.0830
968,605.2631,507.8260,607.0175,4884.4775,996.3438
969,603.5087,501.7391,600.8771,4889.5083,988.4424
970,594.7368,514.7825,598.2456,4894.5458,988.2362
971,591.2280,513.0434,597.3684,4899.5786,984.6893
972,604.3859,500.0000,598.2456,4904.6088,986.4989
973,599.1228,509.5652,599.1228,4909.6245,988.7127
974,598.2456,510.4347,597.3684,4914.6557,987.5679
975,603.5087,513.0434,595.6140,4919.6923,991.0562
976,600.8771,513.0434,588.5964,4924.7187,985.2476
977,598.2456,513.0434,593.8596,4929.7480,986.8032
978,600.0000,516.5217,591.2280,4934.7788,988.1018
979,600.0000,516.5217,588.5964,4939.7905,986.5295
980,603.5087,521.7391,587.7192,4944.8066,990.8826
981,605.2631,522.6087,587.7192,4949.8579,992.4098
982,605.2631,520.0000,585.9649,4954.9052,989.9992
983,604.3859,524.3478,588.5964,4959.9350,993.3120
984,600.0000,526.0869,586.8421,4964.9804,990.5307
985,604.3859,528.6956,595.6140,4970.0058,999.7787
986,592.1052,525.2174,610.5263,4975.0458,999.5921
987,610.5263,514.7825,590.3508,4980.0854,993.1050
988,604.3859,513.0434,600.8771,4985.1259,994.7609
989,603.5087,520.8695,589.4736,4990.1660,991.4672
990,591.2280,523.4782,588.5964,4995.2128,984.8989
991,603.5087,510.4347,591.2280,5000.2583,987.0750
992,592.1052,520.8695,588.5964,5005.3120,984.0424
993,590.3508,520.8695,591.2280,5010.3413,984.5658
994,592.9824,520.8695,592.1052,5015.3764,986.6721
995,596.4912,515.6521,591.2280,5020.4116,985.5199
996,596.4912,516.5217,588.5964,5025.4462,984.3994
997,592.9824,513.0434,587.7192,5030.4794,979.9263
998,595.6140,516.5217,587.7192,5035.5112,983.3436
999,592.9824,512.1738,588.5964,5040.5463,979.9980
1000,594.7368,512.1738,595.6140,5045.5820,985.2868
1001,594.7368,519.1304,595.6140,5050.7036,988.9207
1002,595.6140,511.3043,594.7368,5055.8286,984.8350
1003,593.8596,516.5217,596.4912,5060.9682,987.5554
1004,596.4912,509.5652,593.8596,5066.1049,983.9348
1005,592.9824,513.0434,593.8596,5071.2397,983.6213
1006,598.2456,513.0434,595.6140,5076.3701,987.8600
1007,592.1052,517.3912,595.6140,5081.4887,986.4271
1008,593.8596,513.9130,594.7368,5086.6088,985.1333
1009,589.4736,517.3912,588.5964,5091.7363,980.6216
1010,588.5964,519.1304,592.1052,5096.8603,983.1230
1011,588.5964,516.5217,585.9649,5101.9897,978.0569
1012,587.7192,515.6521,584.2105,5107.1225,976.0189
1013,588.5964,516.5217,585.0877,5112.2509,977.5316
1014,588.5964,516.5217,588.5964,5117.3818,979.6358
1015,587.7192,515.6521,589.4736,5122.5053,979.1784
1016,592.1052,516.5217,590.3508,5127.6313,982.8008
1017,589.4736,518.2608,592.9824,5132.7539,983.7183
1018,591.2280,514.7825,592.1052,5137.8789,982.4155
1019,590.3508,514.7825,593.8596,5143.0122,982.9468
1020,595.6140,510.4347,592.9824,5148.1430,983.3249
1021,593.8596,518.2608,591.2280,5153.2924,985.2990
1022,592.1052,518.2608,592.1052,5158.4145,984.7698
1023,592.9824,518.2608,592.1052,5163.5312,985.2975
1024,592.9824,521.7391,588.5964,5168.6513,985.0308
1025,592.1052,515.6521,592.9824,5173.7744,983.9278
1026,587.7192,519.1304,589.4736,5178.9008,981.0145
1027,588.5964,521.7391,591.2280,5184.0302,983.9757
1028,585.0877,516.5217,591.2280,5189.1630,979.1184
1029,588.5964,521.7391,591.2280,5194.3017,983.9757
1030,585.0877,522.6087,592.1052,5199.4272,982.8713
1031,587.7192,524.3478,597.3684,5204.5473,988.5361
1032,595.6140,532.1738,589.4736,5209.6728,992.6954
1033,584.2105,530.4347,590.3508,5214.7968,985.4832
1034,586.8421,527.8261,590.3508,5219.9331,985.6461
1035,588.5964,520.0000,599.1228,5225.0742,987.8228
1036,591.2280,516.5217,597.3684,5230.1855,986.5061
1037,581.5789,519.1304,591.2280,5235.3203,978.4074
1038,580.7017,521.7391,593.8596,5240.4404,980.8646
1039,586.8421,525.2174,591.2280,5245.5683,984.7779
1040,591.2280,524.3478,594.7368,5250.6938,989.0415
1041,597.3684,519.1304,592.9824,5255.8129,988.9254
1042,593.8596,521.7391,599.1228,5260.9497,991.8815
1043,594.7368,520.8695,601.7543,5266.0888,993.5418
1044,600.0000,515.6521,598.2456,5271.2241,991.8643
1045,591.2280,518.2608,596.4912,5276.3408,986.8873
1046,595.6140,520.8695,585.9649,5281.4628,984.5892
1047,592.9824,517.3912,585.9649,5286.5913,981.1609
1048,591.2280,519.1304,583.3333,5291.7153,979.4512
1049,596.4912,517.3912,588.5964,5296.8374,984.8560
1050,598.2456,522.6087,587.7192,5301.9731,988.1455
1051,596.4912,526.0869,592.9824,5307.1088,992.0672
1052,592.1052,522.6087,584.2105,5312.2363,982.3494
1053,594.7368,523.4782,588.5964,5317.3691,987.0092
1054,593.8596,518.2608,587.7192,5322.4887,983.1976
1055,592.1052,522.6087,592.1052,5327.6127,987.0649
1056,595.6140,520.0000,591.2280,5332.7299,987.2723
1057,592.9824,518.2608,593.8596,5337.8344,986.3527
1058,596.4912,515.6521,592.9824,5342.9721,986.5734
1059,600.0000,519.1304,594.7368,5348.1118,991.5686
1060,599.1228,516.5217,600.0000,5353.2241,992.8458
1061,599.1228,517.3912,598.2456,5358.3388,992.2397
1062,592.9824,514.7825,597.3684,5363.4580,986.6500
1063,599.1228,510.4347,599.1228,5368.5834,989.1612
1064,597.3684,519.1304,594.7368,5373.7031,989.9784
1065,600.0000,524.3478,592.1052,5378.8281,992.7382
1066,595.6140,519.1304,597.3684,5383.9418,990.5056
1067,604.3859,525.2174,595.6140,5389.0766,997.9437
1068,604.3859,526.9565,591.2280,5394.2104,996.2510
1069,599.1228,530.4347,587.7192,5399.3452,992.8358
1070,594.7368,533.0434,585.0877,5404.4702,990.0377
1071,594.7368,533.9130,591.2280,5409.5815,994.1456
1072,592.1052,538.2608,590.3508,5414.7080,994.3981
1073,593.8596,533.0434,585.0877,5419.8276,989.5111
1074,595.6140,533.0434,588.5964,5424.9575,992.6415
1075,597.3684,533.9130,585.0877,5430.0908,992.0885
1076,595.6140,535.6521,592.1052,5435.2177,996.1264
1077,605.2631,526.0869,596.4912,5440.3500,999.4562
1078,601.7543,528.6956,592.9824,5445.4697,996.6221
1079,595.6140,531.3043,594.7368,5450.5957,995.3653
1080,593.8596,531.3043,592.9824,5455.7207,993.2681
1081,596.4912,528.6956,588.5964,5460.8471,990.8414
1082,588.5964,531.3043,592.1052,5465.9858,989.6053
1083,590.3508,525.2174,595.6140,5471.1206,989.5067
1084,588.5964,522.6087,598.2456,5476.2543,988.6675
1085,591.2280,531.3043,600.0000,5481.3911,995.9091
1086,590.3508,531.3043,603.5087,5486.4970,997.5075
1087,588.5964,522.6087,598.2456,5491.6206,988.6675
1088,592.1052,520.8695,599.1228,5496.7470,990.3746
1089,592.9824,524.3478,594.7368,5501.8686,990.0913
1090,592.1052,517.3912,594.7368,5507.0034,985.8977
1091,592.9824,518.2608,592.1052,5512.1303,985.2975
1092,588.5964,518.2608,591.2280,5517.2597,982.1358
1093,587.7192,515.6521,585.0877,5522.3906,976.5443
1094,591.2280,516.5217,585.0877,5527.5131,979.1184
1095,588.5964,520.0000,578.9473,5532.6308,975.7181
1096,593.8596,521.7391,580.7017,5537.7387,980.8646
1097,592.1052,520.8695,581.5789,5542.8676,979.8611
1098,595.6140,520.0000,585.9649,5548.0043,984.1295
1099,595.6140,519.1304,578.0701,5553.1127,978.9880
1100,596.4912,518.2608,586.8421,5558.2392,984.2661
1101,600.0000,516.5217,581.5789,5563.3730,982.3587
1102,604.3859,515.6521,581.5789,5568.4780,984.5880
1103,603.5087,514.7825,583.3333,5573.6049,984.6328
1104,610.5263,518.2608,584.2105,5578.7314,991.2813
1105,607.8947,515.6521,582.4561,5583.8520,987.2630
1106,608.7719,513.9130,585.9649,5588.9926,988.9715
1107,614.0350,506.9565,591.2280,5594.1347,991.7634
1108,605.2631,513.0434,586.8421,5599.2670,986.8843
1109,594.7368,519.1304,589.4736,5604.3989,985.2347
1110,596.4912,509.5652,586.8421,5609.5205,979.7153
1111,593.8596,509.5652,589.4736,5614.6494,979.6964
1112,588.5964,510.4347,593.8596,5619.7778,979.6217
1113,596.4912,503.4782,592.1052,5624.9062,979.7350
1114,599.1228,502.6087,598.2456,5630.0434,984.6123
1115,596.4912,516.5217,593.8596,5635.1748,987.5554
1116,600.0000,521.7391,592.9824,5640.3217,991.8870
1117,600.0000,520.0000,592.9824,5645.4301,990.9733
1118,592.9824,521.7391,599.1228,5650.5190,991.3566
1119,596.4912,523.4782,587.7192,5655.6445,987.5450
1120,596.4912,519.1304,592.1052,5660.7719,987.8698
1121,595.6140,522.6087,592.9824,5665.8935,989.6990
1122,598.2456,522.6087,594.7368,5671.0346,992.3353
1123,601.7543,518.2608,593.8596,5676.1674,991.6511
1124,601.7543,520.8695,599.1228,5681.3139,996.1734
1125,598.2456,522.6087,594.7368,5686.4370,992.3353
1126,596.4912,524.3478,593.8596,5691.5634,991.6711
1127,592.1052,522.6087,596.4912,5696.6894,989.7021
1128,592.9824,517.3912,593.8596,5701.8144,985.8961
1129,590.3508,520.8695,592.9824,5706.9526,985.6203
1130,587.7192,516.5217,592.9824,5712.0927,981.7519
1131,588.5964,524.3478,594.7368,5717.2270,987.4707
1132,590.3508,520.0000,594.7368,5722.3632,986.2180
1133,590.3508,514.7825,588.5964,5727.4682,979.7760
1134,591.2280,517.3912,590.3508,5732.5927,982.7301
1135,592.9824,514.7825,592.1052,5737.7158,983.4724
1136,593.8596,514.7825,597.3684,5742.8393,987.1774
1137,590.3508,514.7825,595.6140,5747.9770,984.0078
1138,596.4912,514.7825,593.8596,5753.1059,986.6469
1139,598.2456,514.7825,599.1228,5758.2416,990.8819
1140,601.7543,516.5217,598.2456,5763.3745,993.3784
1141,598.2456,514.7825,600.0000,5768.4980,991.4125
1142,597.3684,516.5217,597.3684,5773.6030,990.1983
1143,598.2456,513.9130,595.6140,5778.7255,988.3119
1144,595.6140,513.9130,602.6315,5783.8515,990.9730
1145,595.6140,514.7825,600.8771,5788.9941,990.3588
1146,597.3684,514.7825,599.1228,5794.1313,990.3526
1147,592.9824,513.9130,596.4912,5799.2631,985.6655
1148,592.1052,516.5217,600.0000,5804.4028,988.6270
1149,596.4912,516.5217,599.1228,5809.5063,990.7293
1150,598.2456,522.6087,599.1228,5814.6293,994.9702
1151,594.7368,519.1304,600.0000,5819.7539,991.5686
1152,592.9824,521.7391,594.7368,5824.8579,988.7122
1153,595.6140,517.3912,600.8771,5830.0000,991.7172
1154,593.8596,518.2608,600.0000,5835.1206,990.5874
1155,599.1228,519.1304,598.2456,5840.2343,993.1477
1156,601.7543,517.3912,600.0000,5845.3623,994.8880
1157,595.6140,521.7391,598.2456,5850.4677,992.4039
1158,593.8596,517.3912,599.1228,5855.5937,989.6015
1159,599.1228,510.4347,603.5087,5860.7167,991.8239
1160,598.2456,513.0434,602.6315,5865.8447,992.1069
1161,600.0000,514.7825,600.8771,5870.9731,993.0028
1162,600.8771,508.6956,606.1403,5876.0834,993.5949
1163,598.2456,511.3043,602.6315,5881.2153,991.2087
1164,600.0000,506.9565,600.8771,5886.3491,988.9683
1165,594.7368,509.5652,605.2631,5891.4594,989.8040
1166,595.6140,510.4347,606.1403,5896.5849,991.3152
1167,595.6140,510.4347,603.5087,5901.7099,989.7083
1168,595.6140,510.4347,598.2456,5906.8388,986.5077
1169,595.6140,514.7825,599.1228,5911.9785,989.2953
1170,596.4912,514.7825,600.8771,5917.1118,990.8865
1171,595.6140,512.1738,601.7543,5922.2485,989.5385
1172,594.7368,513.0434,603.5087,5927.3833,990.5292
1173,598.2456,514.7825,603.5087,5932.5024,993.5400
1174,603.5087,510.4347,601.7543,5937.6274,993.4157
1175,595.6140,516.5217,603.5087,5942.7548,992.8613
1176,598.2456,516.5217,605.2631,5947.8818,995.5079
1177,596.4912,514.7825,607.0175,5953.0175,994.6221
1178,595.6140,517.3912,603.5087,5958.1425,993.3139
1179,594.7368,515.6521,602.6315,5963.2744,991.3495
1180,600.0000,515.6521,604.3859,5968.4111,995.5800
1181,595.6140,517.3912,600.8771,5973.5180,991.7172
1182,597.3684,519.1304,600.8771,5978.6445,993.6794
1183,596.4912,520.0000,599.1228,5983.7705,992.5471
1184,595.6140,519.1304,603.5087,5988.8740,994.2209
1185,596.4912,515.6521,601.7543,5994.0073,991.8706
1186,597.3684,516.5217,603.5087,5999.1396,993.9147
1187,592.1052,514.7825,605.2631,6004.2749,990.9254
1188,598.2456,515.6521,603.5087,6009.4067,993.9908
1189,599.1228,515.6521,606.1403,6014.5332,996.1181
1190,598.2456,514.7825,602.6315,6019.6528,993.0074
1191,598.2456,511.3043,605.2631,6024.7714,992.8109
1192,595.6140,514.7825,603.5087,6029.8979,991.9577
1193,594.7368,509.5652,605.2631,6035.0361,989.8040
1194,597.3684,508.6956,601.7543,6040.1684,988.8016
1195,592.9824,510.4347,607.0175,6045.3168,990.2738
1196,599.1228,506.9565,606.1403,6050.4384,991.6447
1197,594.7368,510.4347,603.5087,6055.5629,989.1806
1198,600.8771,512.1738,607.8947,6060.6894,996.4494
1199,597.3684,507.8260,605.2631,6065.8164,990.4947
1200,596.4912,514.7825,604.3859,6070.9555,993.0182
1201,595.6140,513.9130,602.6315,6076.0888,990.9730
1202,597.3684,513.9130,603.5087,6081.2265,992.5615
1203,593.8596,513.0434,600.8771,6086.3632,988.4008
1204,595.6140,514.7825,598.2456,6091.4853,988.7643
1205,595.6140,513.0434,597.3684,6096.6108,987.3290
1206,598.2456,514.7825,603.5087,6101.7309,993.5400
1207,595.6140,510.4347,600.0000,6106.8569,987.5726
1208,595.6140,514.7825,600.0000,6111.9775,989.8268
1209,598.2456,515.6521,599.1228,6117.0976,991.3339
1210,597.3684,516.5217,598.2456,6122.2275,990.7277
1211,593.8596,518.2608,598.2456,6127.3618,989.5258
1212,593.8596,515.6521,597.3684,6132.4853,987.6312
1213,593.8596,514.7825,597.3684,6137.6123,987.1774
1214,595.6140,523.4782,595.6140,6142.7377,991.7366
1215,594.7368,513.9130,603.5087,6147.8662,990.9799
1216,593.8596,514.7825,598.2456,6153.0063,987.7085
1217,596.4912,510.4347,603.5087,6158.1362,990.2365
1218,594.7368,513.0434,594.7368,6163.2714,985.2092
1219,592.1052,512.1738,599.1228,6168.4028,985.8290
1220,592.1052,508.6956,603.5087,6173.5219,986.7030
1221,594.7368,510.4347,595.6140,6178.6450,984.3838
1222,590.3508,514.7825,595.6140,6183.7734,984.0078
1223,593.8596,514.7825,598.2456,6188.8906,987.7085
1224,595.6140,516.5217,595.6140,6194.0292,988.0823
1225,600.0000,514.7825,597.3684,6199.1572,990.8834
1226,594.7368,515.6521,592.9824,6204.2744,985.5136
1227,597.3684,516.5217,594.7368,6209.4160,988.6129
1228,596.4912,514.7825,593.8596,6214.5415,986.6469
1229,597.3684,516.5217,595.6140,6219.6684,989.1409
1230,593.8596,515.6521,593.8596,6224.7915,985.5128
1231,602.6315,520.0000,595.6140,6229.9326,994.1433
1232,597.3684,520.0000,596.4912,6235.0507,991.4891
1233,600.0000,519.1304,600.0000,6240.1640,994.7343
1234,597.3684,520.0000,593.8596,6245.2583,989.9082
1235,598.2456,518.2608,598.2456,6250.3759,992.1642
1236,593.8596,518.2608,597.3684,6255.4965,988.9957
1237,599.1228,515.6521,593.8596,6260.6215,988.6933
1238,600.8771,515.6521,593.8596,6265.7475,989.7574
1239,597.3684,516.5217,595.6140,6270.8769,989.1409
1240,595.6140,512.1738,596.4912,6276.0112,986.3467
1241,600.8771,519.1304,595.6140,6281.1391,992.6257
1242,602.6315,520.0000,600.0000,6286.2719,996.7772
1243,597.3684,515.6521,598.2456,6291.3691,990.2747
1244,597.3684,520.0000,599.1228,6296.4936,993.0745
1245,603.5087,515.6521,598.2456,6301.5917,993.9908
1246,603.5087,516.5217,605.2631,6306.7187,998.6796
1247,604.3859,514.7825,599.1228,6311.8432,994.6012
1248,599.1228,515.6521,599.1228,6316.9775,991.8635
1249,600.0000,515.6521,596.4912,6322.1118,990.8071
1250,598.2456,520.0000,592.1052,6327.2294,989.3869
1251,598.2456,519.1304,596.4912,6332.3398,991.5623
1252,603.5087,521.7391,594.7368,6337.4614,995.0610
1253,596.4912,517.3912,595.6140,6342.5839,989.0660
1254,603.5087,519.1304,596.4912,6347.7041,994.7467
1255,597.3684,520.0000,592.9824,6352.8266,989.3822
1256,594.7368,520.0000,592.9824,6357.9453,987.7955
1257,598.2456,521.7391,594.7368,6363.0664,991.8777
1258,596.4912,518.2608,595.6140,6368.2006,989.5211
1259,588.5964,512.1738,591.2280,6373.3344,978.9375
1260,594.7368,517.3912,597.3684,6378.4575,989.0675
1261,587.7192,514.7825,588.5964,6383.5776,978.1926
1262,591.2280,513.9130,592.9824,6388.7016,982.4894
1263,591.2280,515.6521,593.8596,6393.8291,983.9293
1264,592.9824,515.6521,592.1052,6398.9711,983.9278
1265,592.1052,512.1738,595.6140,6404.1098,983.7005
1266,592.9824,519.1304,594.7368,6409.2397,987.3380
1267,595.6140,517.3912,594.7368,6414.3725,988.0089
1268,594.7368,523.4782,596.4912,6419.4902,991.7374
1269,590.3508,526.9565,593.8596,6424.6186,989.3768
1270,593.8596,524.3478,593.8596,6429.7460,990.0904
1271,595.6140,521.7391,596.4912,6434.8696,991.3473
1272,596.4912,523.4782,595.6140,6440.0092,992.2637
1273,600.0000,519.1304,601.7543,6445.1381,995.7935
1274,600.0000,523.4782,603.5087,6450.2534,999.1257
1275,598.2456,523.4782,598.2456,6455.3676,994.8995
1276,598.2456,519.1304,599.1228,6460.4941,993.1477
1277,601.7543,520.0000,626.3157,6465.6123,1012.3140
1278,601.7543,518.2608,607.0175,6470.8056,999.5863
1279,603.5087,518.2608,604.3859,6475.9370,999.0493
1280,605.2631,519.1304,607.8947,6481.0668,1002.6843
1281,605.2631,517.3912,609.6491,6486.2998,1002.8505
1282,603.5087,524.3478,607.8947,6491.5126,1004.3403
1283,607.0175,523.4782,613.1578,6496.7275,1009.1889
1284,603.5087,520.0000,610.5263,6501.9340,1003.6758
1285,600.8771,520.0000,612.2807,6507.1420,1003.1655
1286,598.2456,520.0000,609.6491,6512.3457,999.9849
1287,602.6315,518.2608,613.1578,6517.4526,1003.8534
1288,597.3684,515.6521,614.9122,6522.6645,1000.4315
1289,598.2456,514.7825,616.6666,6527.8823,1001.5870
1290,596.4912,511.3043,615.7894,6533.1088,998.2136
1291,593.8596,510.4347,619.2982,6538.2451,998.3703
1292,598.2456,509.5652,613.1578,6543.3828,996.7532
1293,593.8596,507.8260,619.2982,6548.5068,997.0390
1294,596.4912,506.9565,616.6666,6553.6303,996.5362
1295,593.8596,500.0000,619.2982,6558.7587,993.0758
1296,595.6140,500.0000,616.6666,6563.8632,992.4887
1297,594.7368,502.6087,618.4210,6568.9843,994.3701
1298,596.4912,499.1304,620.1754,6574.1259,994.7615
1299,590.3508,498.2608,621.0526,6579.2583,991.2034
1300,590.3508,503.4782,614.9122,6584.3876,990.0109
1301,585.9649,504.3478,638.5964,6589.5092,1002.7597
1302,587.7192,506.0869,611.4035,6594.7265,987.5992
1303,585.9649,505.2173,609.6491,6599.8491,985.0236
1304,588.5964,503.4782,609.6491,6604.9848,985.7019
1305,585.0877,508.6956,611.4035,6610.1264,987.3768
1306,585.0877,510.4347,613.1578,6615.2578,989.3603
1307,585.9649,506.0869,611.4035,6620.3901,986.5562
1308,585.0877,509.5652,609.6491,6625.5136,986.7402
1309,580.7017,511.3043,607.8947,6630.6372,983.9627
1310,580.7017,506.9565,608.7719,6635.7685,982.2539
1311,579.8245,506.0869,610.5263,6640.8984,982.3761
1312,581.5789,506.0869,611.4035,6646.0356,983.9574
1313,583.3333,506.9565,614.0350,6651.1645,987.0773
1314,580.7017,502.6087,616.6666,6656.3056,984.9405
1315,582.4561,504.3478,612.2807,6661.4350,984.1288
1316,585.0877,500.0000,619.2982,6666.5566,987.8552
1317,586.8421,497.3912,615.7894,6671.6611,985.3823
1318,588.5964,501.7391,619.2982,6676.7880,990.8169
1319,592.9824,506.9565,625.4385,6681.9291,999.9032
1320,593.8596,501.7391,616.6666,6687.0722,992.3150
1321,592.1052,506.0869,650.0000,6692.2084,1014.5011
1322,600.8771,506.9565,617.5438,6697.4086,999.7093
1323,597.3684,508.6956,618.4210,6702.5395,999.0319
1324,603.5087,513.9130,616.6666,6707.6611,1004.2944
1325,600.0000,511.3043,637.7192,6712.8803,1013.9615
1326,601.7543,516.5217,620.1754,6718.0917,1006.7376
1327,606.1403,510.4347,615.7894,6723.3237,1003.5668
1328,602.6315,513.9130,618.4210,6728.5390,1004.8463
1329,599.1228,509.5652,616.6666,6733.7568,999.4411
1330,601.7543,511.3043,616.6666,6738.8808,1001.9073
1331,600.8771,511.3043,618.4210,6744.1113,1002.4620
1332,604.3859,510.4347,616.6666,6749.3378,1003.0473
1333,600.8771,507.8260,615.7894,6754.5498,999.0682
1334,596.4912,506.9565,615.7894,6759.6772,995.9936
1335,593.8596,507.8260,615.7894,6764.8095,994.8634
1336,592.9824,507.8260,611.4035,6769.9541,991.6298
1337,594.7368,502.6087,610.5263,6775.0957,989.4795
1338,591.2280,503.4782,616.6666,6780.2319,991.6243
1339,588.5964,508.6956,613.1578,6785.3696,990.5451
1340,592.9824,505.2173,613.1578,6790.4936,991.3805
1341,592.9824,506.0869,616.6666,6795.6191,993.9970
1342,590.3508,505.2173,607.8947,6800.7446,986.5570
1343,591.2280,502.6087,615.7894,6805.8730,990.6375
1344,585.9649,499.1304,609.6491,6811.0141,981.9155
1345,591.2280,502.6087,611.4035,6816.1484,987.9171
1346,591.2280,502.6087,616.6666,6821.2983,991.1831
1347,594.7368,505.2173,615.7894,6826.4233,994.0589
1348,592.1052,506.9565,614.0350,6831.5463,992.2865
1349,592.1052,510.4347,615.7894,6836.6669,995.1527
1350,592.9824,511.3043,613.1578,6841.7915,994.4963
1351,596.4912,513.9130,616.6666,6846.9291,1000.0930
1352,591.2280,513.0434,614.9122,6852.1557,995.4302
1353,591.2280,514.7825,610.5263,6857.2968,993.6267
1354,592.1052,516.5217,612.2807,6862.4208,996.1279
1355,587.7192,515.6521,606.1403,6867.5395,989.3013
1356,586.8421,520.8695,611.4035,6872.6635,994.7376
1357,587.7192,515.6521,608.7719,6877.7934,990.9158
1358,584.2105,517.3912,607.8947,6882.9350,989.2075
1359,585.0877,515.6521,606.1403,6888.0712,987.7402
1360,584.2105,516.5217,614.0350,6893.2001,992.5400
1361,585.0877,513.9130,611.4035,6898.3286,990.0749
1362,582.4561,511.3043,613.1578,6903.4467,988.2559
1363,585.0877,512.1738,613.1578,6908.5698,990.2587
1364,585.9649,510.4347,614.0350,6913.6860,990.4229
1365,583.3333,514.7825,613.1578,6918.8115,990.5763
1366,583.3333,506.9565,614.9122,6923.9472,987.6232
1367,589.4736,507.8260,614.9122,6929.0903,991.7074
1368,586.8421,509.5652,622.8070,6934.2290,995.9562
1369,592.1052,511.3043,619.2982,6939.3710,997.7730
1370,586.8421,511.3043,617.5438,6944.4946,993.5674
1371,593.8596,512.1738,616.6666,6949.6235,997.6317
1372,594.7368,509.5652,614.0350,6954.7500,995.1922
1373,593.8596,514.7825,613.1578,6959.8710,996.8114
1374,593.8596,514.7825,616.6666,6965.0083,998.9735
1375,596.4912,513.9130,617.5438,6970.1411,1000.6342
1376,598.2456,513.0434,619.2982,6975.3701,1002.3181
1377,596.4912,511.3043,621.0526,6980.5786,1001.4690
1378,599.1228,509.5652,620.1754,6985.7910,1001.6099
1379,598.2456,510.4347,620.1754,6991.0156,1001.5283
1380,593.8596,514.7825,616.6666,6996.2368,998.9735
1381,596.4912,510.4347,620.1754,7001.3754,1000.4813
1382,598.2456,510.4347,621.0526,7006.5913,1002.0717
1383,595.6140,512.1738,617.5438,7011.7998,999.2189
1384,594.7368,513.0434,621.0526,7016.9350,1001.3150
1385,598.2456,508.6956,614.9122,7022.1533,997.3897
1386,592.1052,508.6956,613.1578,7027.3012,992.6341
1387,592.9824,509.5652,618.4210,7032.4223,996.8598
1388,592.9824,510.4347,617.5438,7037.5512,996.7609
1389,591.2280,512.1738,618.4210,7042.6796,997.1546
1390,591.2280,513.9130,618.4210,7047.7998,998.0490
1391,592.1052,510.4347,620.1754,7052.9335,997.8726
1392,590.3508,512.1738,621.0526,7058.0722,998.2698
1393,593.8596,514.7825,621.9298,7063.1967,1002.2310
1394,593.8596,515.6521,622.8070,7068.4228,1003.2222
1395,592.9824,508.6956,622.8070,7073.6401,999.1436
1396,595.6140,516.5217,625.4385,7078.7680,1006.3419
1397,591.2280,514.7825,620.1754,7083.9833,999.5845
1398,591.2280,515.6521,621.0526,7089.1196,1000.5769
1399,593.8596,516.5217,620.1754,7094.3398,1002.0386
1400,595.6140,515.6521,624.5614,7099.5478,1005.3507
1401,596.4912,520.8695,622.8070,7104.7651,1007.4698
1402,594.7368,516.5217,621.0526,7109.9838,1003.1016
1403,594.7368,510.4347,622.8070,7115.2055,1001.0714
1404,593.8596,516.5217,620.1754,7120.4311,1002.0386
1405,588.5964,514.7825,619.2982,7125.6391,997.4854
1406,587.7192,513.0434,621.9298,7130.7651,997.7094
1407,592.9824,513.0434,621.9298,7135.8891,1000.8189
1408,586.8421,512.1738,624.5614,7141.1147,998.3900
1409,591.2280,516.5217,624.5614,7146.2470,1003.2059
1410,590.3508,512.1738,620.1754,7151.4697,997.7243
1411,591.2280,514.7825,621.0526,7156.5917,1000.1290
1412,592.1052,507.8260,623.6842,7161.8007,998.7282
1413,590.3508,510.4347,624.5614,7166.9394,999.5673
1414,592.9824,508.6956,622.8070,7172.0786,999.1436
1415,592.9824,510.4347,621.9298,7177.2133,999.4841
1416,595.6140,506.9565,626.3157,7182.3530,1002.0141
1417,590.3508,506.9565,626.3157,7187.5644,998.8946
1418,592.9824,509.5652,625.4385,7192.6928,1001.2284
1419,594.7368,511.3043,626.3157,7197.9086,1003.7009
1420,594.7368,506.0869,627.1929,7203.1381,1001.6021
1421,603.5087,506.9565,625.4385,7208.3588,1006.1815
1422,598.2456,512.1738,625.4385,7213.5742,1005.6805
1423,600.0000,508.6956,628.0701,7218.7861,1006.5999
1424,598.2456,509.5652,628.0701,7223.9794,1005.9953
1425,597.3684,513.0434,627.1929,7229.2036,1006.6943
1426,598.2456,512.1738,626.3157,7234.4228,1006.2263
1427,596.4912,514.7825,625.4385,7239.6328,1005.9703
1428,595.6140,514.7825,626.3157,7244.8486,1005.9963
1429,598.2456,515.6521,621.0526,7250.0756,1004.7394
1430,599.1228,514.7825,624.5614,7255.3056,1006.9886
1431,598.2456,514.7825,623.6842,7260.5185,1005.9229
1432,598.2456,513.9130,625.4385,7265.7333,1006.5673
1433,594.7368,510.4347,623.6842,7270.9516,1001.6174
1434,595.6140,506.9565,623.6842,7276.1831,1000.3713
1435,596.4912,505.2173,623.6842,7281.4121,1000.0141
1436,598.2456,508.6956,627.1929,7286.6230,1005.0075
1437,592.1052,506.9565,627.1929,7291.8305,1000.4821
1438,594.7368,508.6956,626.3157,7297.0561,1002.3745
1439,592.9824,511.3043,628.0701,7302.2915,1003.7592
1440,595.6140,509.5652,627.1929,7307.5043,1003.8843
1441,595.6140,506.9565,628.9473,7312.7197,1003.6611
1442,596.4912,506.9565,626.3157,7317.9409,1002.5358
1443,597.3684,506.9565,627.1929,7323.1708,1003.6059
1444,593.8596,513.0434,628.0701,7328.3969,1005.1641
1445,594.7368,513.0434,626.3157,7333.6015,1004.5879
1446,588.5964,513.9130,626.3157,7338.8120,1001.4109
1447,592.9824,514.7825,622.8070,7344.0405,1002.2564
1448,592.1052,516.5217,628.0701,7349.2626,1005.9102
1449,592.1052,513.0434,630.7017,7354.4804,1005.7767
1450,593.8596,514.7825,628.0701,7359.6879,1006.0529
1451,595.6140,513.9130,623.6842,7364.8955,1003.9146
1452,594.7368,515.6521,628.0701,7370.1269,1007.0159
1453,592.1052,513.0434,625.4385,7375.3432,1002.4847
1454,595.6140,514.7825,623.6842,7380.5502,1004.3600
1455,591.2280,508.6956,622.8070,7385.7666,998.1034
1456,595.6140,513.9130,621.9298,7390.8930,1002.8256
1457,597.3684,513.9130,624.5614,7396.1254,1005.5011
1458,592.9824,509.5652,627.1929,7401.3505,1002.3253
1459,594.7368,513.0434,627.1929,7406.5649,1005.1350
1460,590.3508,509.5652,625.4385,7411.7719,999.6721
1461,595.6140,510.4347,626.3157,7416.8994,1003.7784
1462,593.8596,506.9565,621.9298,7422.1303,998.2338
1463,595.6140,513.0434,624.5614,7427.2705,1004.0152
1464,597.3684,510.4347,628.0701,7432.4858,1005.9149
1465,588.5964,507.8260,623.6842,7437.6997,996.6519
1466,593.8596,511.3043,627.1929,7442.8315,1003.7292
1467,592.1052,506.9565,627.1929,7448.0600,1000.4821
1468,595.6140,510.4347,622.8070,7453.2915,1001.5928
1469,594.7368,508.6956,628.0701,7458.5117,1003.4716
1470,600.0000,506.0869,626.3157,7463.7231,1004.1889
1471,596.4912,509.5652,630.7017,7468.9140,1006.5998
1472,594.7368,506.0869,627.1929,7474.1440,1001.6021
1473,596.4912,509.5652,627.1929,7479.3647,1004.4050
1474,596.4912,509.5652,627.1929,7484.5771,1004.4050
1475,594.7368,506.0869,624.5614,7489.7905,999.9564
1476,593.8596,507.8260,624.5614,7494.9262,1000.3167
1477,594.7368,514.7825,624.5614,7500.1572,1004.3853
1478,593.8596,511.3043,623.6842,7505.3823,1001.5405
1479,589.4736,514.7825,624.5614,7510.6000,1001.2778
1480,593.8596,508.6956,621.0526,7515.8125,998.5723
1481,592.9824,509.5652,622.8070,7520.9492,999.5866
1482,591.2280,509.5652,620.1754,7526.0917,996.9076
1483,594.7368,508.6956,623.6842,7531.2246,1000.7322
1484,593.8596,506.0869,626.3157,7536.4541,1000.5322
1485,590.3508,500.0000,622.8070,7541.6669,993.1781
1486,592.1052,506.9565,621.0526,7546.7744,996.6443
1487,592.9824,509.5652,621.0526,7551.8974,998.4945
1488,588.5964,505.2173,621.0526,7557.0322,993.6784
1489,592.1052,505.2173,622.8070,7562.1616,996.8559
1490,586.8421,505.2173,623.6842,7567.3081,994.2888
1491,587.7192,496.5217,622.8070,7572.4355,989.8668
1492,589.4736,506.0869,621.0526,7577.5644,994.6404
1493,589.4736,504.3478,624.5614,7582.6821,995.9532
1494,588.5964,501.7391,622.8070,7587.8095,993.0138
1495,589.4736,500.0000,627.1929,7592.9467,995.4146
1496,587.7192,496.5217,626.3157,7598.0654,992.0782
1497,586.8421,502.6087,623.6842,7603.1948,992.9658
1498,591.2280,504.3478,622.8070,7608.3354,995.8945
1499,585.9649,499.1304,621.9298,7613.4619,989.5871
1500,590.3508,503.4782,620.1754,7618.5893,993.2885
1501,588.5964,503.4782,620.1754,7623.7153,992.2468
1502,593.8596,503.4782,623.6842,7628.8422,997.5678
1503,587.7192,506.0869,622.8070,7633.9848,994.6992
1504,591.2280,506.0869,622.8070,7639.1215,996.7764
1505,594.7368,503.4782,623.6842,7644.2534,998.0902
1506,589.4736,529.5652,622.8070,7649.3896,1007.8725
1507,594.7368,511.3043,623.6842,7654.6069,1002.0608
1508,595.6140,510.4347,625.4385,7659.8212,1003.2313
1509,594.7368,513.9130,622.8070,7665.0498,1002.8494
1510,595.6140,508.6956,622.8070,7670.2773,1000.7077
1511,596.4912,518.2608,620.1754,7675.5058,1004.4967
1512,597.3684,515.6521,621.0526,7680.7177,1004.2173
1513,596.4912,518.2608,618.4210,7685.9282,1003.4145
1514,595.6140,518.2608,620.1754,7691.1552,1003.9760
1515,600.0000,516.5217,621.0526,7696.3793,1006.2310
1516,597.3684,518.2608,622.8070,7701.5693,1006.6438
1517,595.6140,518.2608,624.5614,7706.7846,1006.6912
1518,598.2456,519.1304,621.0526,7711.9995,1006.5289
1519,597.3684,519.1304,622.8070,7717.2192,1007.0918
1520,598.2456,519.1304,616.6666,7722.4384,1003.8286
1521,595.6140,515.6521,636.8421,7727.6518,1013.0256
1522,603.5087,515.6521,621.0526,7732.8652,1007.8821
1523,595.6140,516.5217,616.6666,7738.0908,1000.9138
1524,600.8771,515.6521,620.1754,7743.3227,1005.7673
1525,592.9824,523.4782,612.2807,7748.5395,1000.2726
1526,605.2631,516.5217,608.7719,7753.7553,1001.8689
1527,605.2631,508.6956,622.8070,7758.9697,1006.4806
1528,607.8947,509.5652,635.0877,7764.1977,1016.1343
1529,601.7543,520.0000,631.5789,7769.4194,1015.5787
1530,591.2280,523.4782,607.8947,7774.6166,996.5521
1531,588.5964,522.6087,607.8947,7779.7441,994.5358
1532,600.0000,519.1304,616.6666,7784.8735,1004.8752
1533,603.5087,513.9130,620.1754,7790.0805,1006.4526
1534,603.5087,515.6521,622.8070,7795.3144,1008.9641
1535,598.2456,516.5217,621.0526,7800.5327,1005.1859
1536,606.1403,511.3043,624.5614,7805.7402,1009.4133
1537,597.3684,513.9130,621.0526,7810.9555,1003.3254
1538,600.0000,513.9130,619.2982,7816.1801,1003.8111
1539,595.6140,513.0434,620.1754,7821.3872,1001.2927
1540,598.2456,514.7825,618.4210,7826.5937,1002.6682
1541,598.2456,516.5217,614.9122,7831.8081,1001.4038
1542,592.1052,515.6521,611.4035,7837.0351,995.1381
1543,599.1228,514.7825,620.1754,7842.1640,1004.2742
1544,593.8596,513.9130,617.5438,7847.3847,999.0676
1545,603.5087,506.9565,624.5614,7852.5087,1005.6364
1546,596.4912,510.4347,615.7894,7857.7265,997.7685
1547,600.0000,506.9565,621.9298,7862.8574,1001.8989
1548,599.1228,507.8260,621.0526,7868.0703,1001.2700
1549,595.6140,506.9565,618.4210,7873.2993,997.0985
1550,600.0000,511.3043,620.1754,7878.4233,1003.0202
1551,598.2456,508.6956,615.7894,7883.6137,997.9307
1552,593.8596,510.4347,619.2982,7888.7416,998.3703
1553,594.7368,508.6956,617.5438,7893.8696,996.9170
1554,597.3684,506.9565,619.2982,7899.0112,998.6912
1555,597.3684,507.8260,618.4210,7904.1459,998.5894
1556,598.2456,503.4782,615.7894,7909.2949,995.2813
1557,600.0000,506.9565,618.4210,7914.4213,999.7247
1558,596.4912,509.5652,614.9122,7919.5322,996.7826
1559,598.2456,506.9565,616.6666,7924.6606,997.5873
1560,600.0000,511.3043,614.0350,7929.7910,999.2353
1561,595.6140,511.3043,612.2807,7934.8920,995.5279
1562,595.6140,506.9565,614.0350,7940.0307,994.3842
1563,596.4912,533.9130,616.6666,7945.1606,1010.5160
1564,595.6140,504.3478,615.7894,7950.3901,994.1425
1565,595.6140,509.5652,615.7894,7955.5146,996.7996
1566,598.2456,513.0434,614.9122,7960.6425,999.6141
1567,594.7368,510.4347,621.0526,7965.7651,999.9809
1568,594.7368,512.1738,617.5438,7970.8925,998.6963
1569,593.8596,510.4347,613.1578,7976.0307,994.5730
1570,589.4736,512.1738,615.7894,7981.1645,994.4838
1571,591.2280,510.4347,618.4210,7986.3100,996.2625
1572,590.3508,511.3043,619.2982,7991.4340,996.7329
1573,590.3508,509.5652,613.1578,7996.5595,992.0350
1574,591.2280,508.6956,617.5438,8001.6787,994.8278
1575,587.7192,512.1738,614.0350,8006.8066,992.3583
1576,590.3508,514.7825,614.0350,8011.9375,995.2659
1577,592.1052,521.7391,615.7894,8017.0698,1000.9980
1578,595.6140,518.2608,611.4035,8022.3061,998.5812
1579,593.8596,520.0000,612.2807,8027.4296,998.9779
1580,596.4912,521.7391,613.1578,8032.5371,1001.9860
1581,596.4912,517.3912,612.2807,8037.7534,999.1912
1582,594.7368,520.0000,614.0350,8042.8764,1000.5753
1583,595.6140,522.6087,614.9122,8048.0800,1002.9920
1584,594.7368,520.8695,614.9122,8053.3178,1001.5658
1585,594.7368,519.1304,614.0350,8058.5366,1000.1236
1586,595.6140,516.5217,614.0350,8063.7431,999.2946
1587,600.8771,514.7825,612.2807,8068.8647,1000.4710
1588,591.2280,514.7825,610.5263,8074.0913,993.6267
1589,595.6140,513.9130,612.2807,8079.2241,996.8702
1590,593.8596,516.5217,614.0350,8084.3623,998.2500
1591,591.2280,516.5217,612.2807,8089.4819,995.6068
1592,588.5964,508.6956,614.9122,8094.6049,991.6320
1593,591.2280,514.7825,614.0350,8099.7338,995.7865
1594,586.8421,512.1738,612.2807,8104.8554,990.7539
1595,592.9824,514.7825,610.5263,8109.9921,994.6716
1596,588.5964,509.5652,613.1578,8115.1328,990.9920
1597,589.4736,510.4347,611.4035,8120.2670,990.8769
1598,589.4736,512.1738,614.0350,8125.4062,993.3984
1599,585.9649,516.5217,608.7719,8130.5239,990.3296
1600,584.2105,514.7825,609.6491,8135.6518,988.9262
1601,583.3333,510.4347,610.5263,8140.7792,986.6933
1602,586.8421,517.3912,607.8947,8145.9091,990.7640
1603,583.3333,515.6521,606.1403,8151.0493,986.7020
1604,585.0877,512.1738,609.6491,8156.1816,988.0899
1605,585.0877,512.1738,608.7719,8161.3188,987.5489
1606,585.9649,515.6521,610.5263,8166.4389,990.9562
1607,587.7192,513.0434,610.5263,8171.5673,990.6411
1608,584.2105,512.1738,610.5263,8176.6909,988.1125
1609,585.0877,513.9130,610.5263,8181.8115,989.5335
1610,585.0877,513.9130,609.6491,8186.9487,988.9925
1611,586.8421,511.3043,613.1578,8192.0888,990.8472
1612,587.7192,512.1738,613.1578,8197.2246,991.8158
1613,586.8421,510.4347,614.0350,8202.3583,990.9421
1614,588.5964,513.9130,617.5438,8207.4833,995.9482
1615,592.1052,514.7825,615.7894,8212.6132,997.3898
1616,590.3508,513.9130,618.4210,8217.7382,997.5296
1617,595.6140,514.7825,614.9122,8222.8691,998.9365
1618,593.8596,518.2608,611.4035,8228.0117,997.5358
1619,592.9824,514.7825,615.7894,8233.1435,997.9108
1620,595.6140,519.1304,613.1578,8238.2949,1000.1075
1621,594.7368,521.7391,609.6491,8243.5039,998.7971
1622,595.6140,517.3912,612.2807,8248.6347,998.6678
1623,595.6140,520.0000,607.0175,8253.7607,996.8080
1624,592.1052,520.0000,612.2807,8258.8632,997.9360
1625,600.0000,520.8695,613.1578,8263.9804,1003.6272
1626,598.2456,526.9565,614.9122,8269.1894,1006.8257
1627,595.6140,524.3478,615.7894,8274.4189,1004.4368
1628,597.3684,520.0000,614.0350,8279.6357,1002.1417
1629,595.6140,520.8695,617.5438,8284.8251,1003.7039
1630,594.7368,522.6087,613.1578,8290.0576,1001.3961
1631,598.2456,516.5217,614.9122,8295.2919,1001.4038
1632,593.8596,518.2608,618.4210,8300.5068,1001.8524
1633,591.2280,518.2608,611.4035,8305.7216,995.9714
1634,592.1052,519.1304,612.2807,8310.8476,997.4832
1635,592.9824,520.0000,611.4035,8315.9794,997.9190
1636,591.2280,515.6521,609.6491,8321.1005,993.5390
1637,590.3508,520.0000,610.5263,8326.2382,995.8195
1638,591.2280,521.7391,613.1578,8331.3564,998.8618
1639,585.9649,518.2608,608.7719,8336.4814,991.2378
1640,587.7192,520.8695,612.2807,8341.6074,995.7945
1641,587.7192,519.1304,611.4035,8346.7363,994.3463
1642,590.3508,522.6087,610.5263,8351.8603,997.1842
1643,587.7192,521.7391,609.6491,8356.9980,994.6344
1644,591.2280,519.1304,608.7719,8362.1406,994.8117
1645,590.3508,516.5217,609.6491,8367.2763,993.4691
1646,592.1052,519.1304,614.0350,8372.4150,998.5610
1647,588.5964,520.0000,607.8947,8377.5312,993.1675
1648,592.1052,523.4782,610.5263,8382.6386,998.6793
1649,595.6140,522.6087,610.5263,8387.7646,1000.3090
1650,590.3508,516.5217,613.1578,8392.9833,995.6261
1651,594.7368,516.5217,609.6491,8398.1201,996.0816
1652,599.1228,520.8695,617.5438,8403.2539,1005.7901
1653,593.8596,520.8695,610.5263,8408.4804,998.3569
1654,592.1052,520.8695,611.4035,8413.6103,997.8516
1655,593.8596,520.0000,614.0350,8418.7373,1000.0541
1656,598.2456,520.8695,610.5263,8423.9267,1000.9721
1657,596.4912,520.8695,611.4035,8429.1572,1000.4604
1658,595.6140,517.3912,613.1578,8434.3837,999.2058
1659,597.3684,521.7391,613.1578,8439.5058,1002.5085
1660,591.2280,523.4782,610.5263,8444.7207,998.1595
1661,595.6140,520.8695,609.6491,8449.8466,998.8659
1662,594.7368,519.1304,612.2807,8454.9912,999.0475
1663,594.7368,518.2608,614.9122,8460.1220,1000.2116
1664,589.4736,523.4782,609.6491,8465.3457,996.5845
1665,592.1052,518.2608,607.0175,8470.4736,993.8074
1666,590.3508,523.4782,613.1578,8475.5908,999.2528
1667,591.2280,518.2608,611.4035,8480.7148,995.9714
1668,594.7368,517.3912,609.6491,8485.8408,996.5328
1669,591.2280,520.0000,612.2807,8490.9814,997.4158
1670,588.5964,517.3912,612.2807,8496.0986,994.4984
1671,588.5964,518.2608,615.7894,8501.2304,997.1142
1672,584.2105,515.6521,614.0350,8506.3652,992.0877
1673,585.0877,512.1738,613.1578,8511.4824,990.2587
1674,588.5964,510.4347,617.5438,8516.5996,994.1578
1675,587.7192,509.5652,616.6666,8521.7275,992.6472
1676,587.7192,508.6956,616.6666,8526.8583,992.2011
1677,592.1052,502.6087,620.1754,8532.0000,993.8922
1678,583.3333,506.0869,619.2982,8537.1210,989.9151
1679,585.0877,504.3478,617.5438,8542.2529,988.9665
1680,589.4736,506.0869,618.4210,8547.3876,992.9994
1681,586.8421,502.6087,619.2982,8552.5117,990.2168
1682,586.8421,509.5652,614.9122,8557.6386,991.0385
1683,588.5964,507.8260,619.2982,8562.7646,993.9132
1684,592.1052,508.6956,621.0526,8567.8955,997.5300
1685,588.5964,512.1738,617.5438,8573.0292,995.0519
1686,592.9824,515.6521,620.1754,8578.1552,1001.0708
1687,594.7368,516.5217,616.6666,8583.3779,1000.3920
1688,595.6140,521.7391,615.7894,8588.5937,1003.0775
1689,595.6140,520.8695,615.7894,8593.8095,1002.6254
1690,596.4912,520.8695,612.2807,8599.0419,1000.9967
1691,594.7368,523.4782,613.1578,8604.2666,1001.8502
1692,592.1052,520.8695,608.7719,8609.4941,996.2414
1693,592.9824,526.0869,612.2807,8614.6201,1001.6403
1694,592.1052,520.8695,607.8947,8619.8330,995.7056
1695,596.4912,525.2174,608.7719,8624.9736,1001.1285
1696,591.2280,519.1304,608.7719,8630.2011,994.8117
1697,589.4736,520.0000,610.5263,8635.3369,995.2997
1698,587.7192,516.5217,608.7719,8640.4443,991.3687
1699,584.2105,518.2608,607.8947,8645.5712,989.6626
1700,586.8421,515.6521,606.1403,8650.6972,988.7805
1701,587.7192,515.6521,606.1403,8655.8242,989.3013
1702,583.3333,513.9130,608.7719,8660.9619,987.4146
1703,577.1929,517.3912,611.4035,8666.1035,987.2485
1704,576.3157,517.3912,608.7719,8671.2333,985.1075
1705,577.1929,514.7825,610.5263,8676.3652,985.3401
1706,577.1929,517.3912,607.0175,8681.4882,984.5383
1707,572.8070,518.2608,604.3859,8686.6054,980.8081
1708,571.0526,519.1304,606.1403,8691.7314,981.3275
1709,573.6842,516.5217,609.6491,8696.8496,983.6566
1710,572.8070,520.0000,607.0175,8701.9902,983.3504
1711,573.6842,519.1304,606.1403,8707.1054,982.8612
1712,571.9298,520.0000,608.7719,8712.2382,983.9242
1713,573.6842,520.0000,609.6491,8717.3603,985.4874
1714,575.4385,520.8695,609.6491,8722.4677,986.9684
1715,573.6842,516.5217,610.5263,8727.5976,984.2005
1716,575.4385,516.5217,610.5263,8732.7226,985.2241
1717,576.3157,518.2608,610.5263,8737.8486,986.6491
1718,577.1929,508.6956,611.4035,8742.9863,982.7192
1719,573.6842,510.4347,609.6491,8748.1240,980.4739
1720,577.1929,515.6521,610.5263,8753.2617,985.7947
1721,578.9473,515.6521,612.2807,8758.3984,987.9093
1722,580.7017,514.7825,613.1578,8763.5273,989.0289
1723,585.9649,518.2608,614.9122,8768.6484,995.0207
1724,581.5789,520.0000,614.0350,8773.7705,992.8107
1725,580.7017,521.7391,609.6491,8778.8750,990.5040
1726,580.7017,523.4782,610.5263,8784.0166,991.9608
1727,582.4561,526.9565,614.0350,8789.1533,996.9841
1728,583.3333,526.9565,613.1578,8794.2988,996.9571
1729,585.0877,524.3478,608.7719,8799.4267,993.9172
1730,585.0877,530.4347,610.5263,8804.5498,998.2139
1731,582.4561,527.8261,614.9122,8809.6748,997.9843
1732,584.2105,530.4347,608.7719,8814.8066,996.6273
1733,579.8245,528.6956,612.2807,8819.9462,995.2905
1734,582.4561,526.9565,609.6491,8825.0849,994.2888
1735,581.5789,526.0869,609.6491,8830.2207,993.3144
1736,579.8245,525.2174,615.7894,8835.3535,995.6136
1737,581.5789,518.2608,614.9122,8840.4814,992.4442
1738,577.1929,521.7391,612.2807,8845.6074,990.0763
1739,579.8245,517.3912,614.0350,8850.7285,990.4188
1740,576.3157,516.5217,617.5438,8855.8505,990.0985
1741,578.0701,519.1304,615.7894,8860.9843,991.3920
1742,580.7017,516.5217,613.1578,8866.1162,989.9353
1743,578.9473,515.6521,616.6666,8871.2509,990.6336
1744,578.0701,512.1738,620.1754,8876.3916,990.5073
1745,579.8245,516.5217,619.2982,8881.5087,993.2379
1746,581.5789,520.0000,620.1754,8886.6337,996.6200
1747,582.4561,520.0000,619.2982,8891.7402,996.5868
1748,585.9649,521.7391,618.4210,8896.8486,999.0051
1749,580.7017,520.8695,616.6666,8901.9843,994.3829
1750,580.7017,524.3478,619.2982,8907.1259,997.8403
1751,582.4561,520.8695,621.0526,8912.2617,998.1315
1752,583.3333,526.0869,617.5438,8917.3955,999.2025
1753,581.5789,526.9565,621.0526,8922.5156,1000.8114
1754,581.5789,526.0869,615.7894,8927.7304,997.0949
1755,582.4561,522.6087,624.5614,8932.8515,1001.2252
1756,578.0701,525.2174,618.4210,8938.0800,996.2244
1757,584.2105,522.6087,621.9298,8943.2089,1000.6090
1758,582.4561,525.2174,619.2982,8948.4355,999.3191
1759,585.9649,524.3478,616.6666,8953.5595,999.2864
1760,582.4561,517.3912,624.5614,8958.6865,998.5117
1761,585.0877,520.0000,621.9298,8963.8115,999.7621
1762,579.8245,520.0000,622.8070,8968.9306,997.2387
1763,580.7017,514.7825,623.6842,8974.0527,995.5891
1764,581.5789,517.3912,621.9298,8979.1875,996.3555
1765,584.2105,520.0000,624.5614,8984.3232,1000.8890
1766,586.8421,519.1304,624.5614,8989.5185,1001.9765
1767,580.7017,517.3912,624.5614,8994.7343,997.4895
1768,578.0701,517.3912,618.4210,8999.8603,992.1207
1769,584.2105,522.6087,621.0526,9004.9912,1000.0640
1770,578.9473,520.8695,622.8070,9010.2109,997.1829
1771,580.7017,521.7391,619.2982,9015.3505,996.4720
1772,579.8245,521.7391,620.1754,9020.4794,996.5068
1773,582.4561,525.2174,620.1754,9025.6074,999.8629
1774,580.7017,526.0869,620.1754,9030.7343,999.2995
1775,578.9473,517.3912,617.5438,9035.8554,992.0858