Sample,ADC_0,ADC_1,ADC_2,Timestamp,Acceleration
1,578.0701,517.3912,624.5614,7.9982,995.9597
2,581.5789,521.7391,626.3157,12.5788,1001.3577
3,582.4561,519.1304,622.8070,17.3402,998.3186
4,578.0701,519.1304,628.0701,22.0012,999.0664
5,579.8245,519.1304,623.6842,26.6527,997.3339
6,585.9649,520.0000,625.4385,31.3272,1002.4611
7,578.9473,517.3912,623.6842,36.0624,995.9195
8,585.9649,520.0000,623.6842,40.7359,1001.3674
9,585.9649,521.7391,624.5614,45.4731,1002.8178
10,585.9649,517.3912,623.6842,50.2326,1000.0153
11,579.8245,518.2608,624.5614,55.0822,997.4306
12,582.4561,517.3912,625.4385,59.8439,999.0607
13,577.1929,523.4782,621.9298,64.6060,996.9844
14,578.0701,520.8695,621.9298,69.3628,996.1259
15,582.4561,524.3478,622.8070,74.1147,1001.0416
16,580.7017,515.6521,624.5614,78.9638,996.5885
17,578.9473,520.0000,624.5614,83.7330,997.8261
18,580.7017,515.6521,623.6842,88.4719,996.0390
19,584.2105,512.1738,626.3157,93.2249,997.9456
20,582.4561,521.7391,620.1754,97.9866,998.0402
21,578.0701,517.3912,625.4385,102.7512,996.5100
22,582.4561,521.7391,625.4385,107.5902,1001.3192
23,580.7017,519.1304,620.1754,112.5249,995.6547
24,585.9649,515.6521,624.5614,117.3690,999.6644
25,584.2105,519.1304,627.1929,122.2170,1002.0825
26,581.5789,516.5217,623.6842,127.1525,997.0008
27,583.3333,517.3912,628.0701,131.9986,1001.2210
28,585.0877,519.1304,626.3157,136.9377,1002.0456
29,578.0701,520.8695,624.5614,141.8731,997.7711
30,580.7017,519.1304,625.4385,146.7302,998.9416
31,583.3333,519.1304,625.4385,151.5760,1000.4736
32,581.5789,520.8695,625.4385,156.5102,1000.3562
33,581.5789,517.3912,620.1754,161.4465,995.2614
34,582.4561,510.4347,625.4385,166.2890,995.4758
35,585.0877,521.7391,626.3157,171.1467,1003.3996
36,581.5789,518.2608,627.1929,176.0890,1000.0997
37,584.2105,510.4347,623.6842,181.0243,995.4031
38,578.0701,518.2608,622.8070,185.8777,995.3130
39,585.9649,513.0434,627.1929,190.7310,999.9697
40,585.9649,513.9130,624.5614,195.5730,998.7684
41,583.3333,513.0434,624.5614,200.4242,996.7789
42,587.7192,510.4347,620.1754,205.2662,995.2764
43,579.8245,514.7825,624.5614,210.1239,995.6277
44,578.0701,513.0434,622.8070,214.9794,992.6063
45,585.9649,519.1304,616.6666,219.8311,996.5585
46,578.0701,512.1738,621.9298,224.6894,991.6067
47,578.0701,513.9130,623.6842,229.5319,993.6064
48,577.1929,521.7391,626.3157,234.3777,998.8167
49,579.8245,520.8695,624.5614,239.2229,998.7885
50,580.7017,517.3912,621.0526,244.0844,995.2962
51,580.7017,519.1304,621.0526,248.9334,996.2014
52,576.3157,521.7391,621.0526,253.7835,995.0165
53,574.5614,520.0000,620.1754,258.6227,992.5413
54,582.4561,520.8695,622.8070,263.4490,999.2241
55,579.8245,519.1304,622.8070,268.3115,996.7855
56,580.7017,520.0000,624.5614,273.1584,998.8450
57,582.4561,522.6087,622.8070,277.9971,1000.1317
58,577.1929,518.2608,625.4385,282.9476,996.4534
59,578.9473,520.0000,623.6842,287.8032,997.2773
60,578.0701,513.9130,626.3157,292.6326,995.2603
61,580.7017,513.9130,624.5614,297.4752,995.6897
62,578.9473,522.6087,625.4385,302.3375,999.7366
63,580.7017,513.9130,623.6842,307.1873,995.1397
64,579.8245,521.7391,622.8070,312.0456,998.1467
65,579.8245,520.0000,623.6842,316.9022,997.7868
66,578.0701,522.6087,618.4210,321.7452,994.8515
67,577.1929,517.3912,619.2982,326.5915,992.1571
68,578.0701,524.3478,617.5438,331.4330,995.2216
69,577.1929,519.1304,620.1754,336.2732,993.6124
70,578.0701,524.3478,621.0526,341.1256,997.4027
71,582.4561,529.5652,620.1754,345.9724,1002.1536
72,578.9473,524.3478,621.0526,350.9174,997.9113
73,574.5614,530.4347,619.2982,355.7745,997.5029
74,578.9473,526.0869,621.0526,360.6225,998.8262
75,574.5614,526.9565,619.2982,365.4656,995.6577
76,574.5614,533.0434,611.4035,370.3276,994.0172
77,574.5614,526.0869,617.5438,375.1636,994.1069
78,574.5614,532.1738,614.9122,380.0148,995.7142
79,577.1929,529.5652,624.5614,384.8687,1001.8323
80,577.1929,527.8261,614.0350,389.8153,994.3798
81,575.4385,527.8261,613.1578,394.6590,992.8204
82,569.2982,526.0869,615.7894,399.5096,989.9821
83,574.5614,526.9565,616.6666,404.3548,994.0230
84,572.8070,520.8695,614.9122,409.2011,988.7012
85,571.0526,522.6087,617.5438,414.0653,990.2431
86,571.0526,524.3478,616.6666,418.9165,990.6157
87,567.5438,523.4782,618.4210,423.7721,989.2321
88,571.9298,525.2174,613.1578,428.6227,989.4036
89,565.7894,525.2174,621.0526,433.4713,990.7963
90,565.7894,524.3478,617.5438,438.3297,988.1390
91,571.0526,520.8695,616.6666,443.1763,988.7790
92,565.7894,521.7391,616.6666,448.0335,986.2085
93,569.2982,524.3478,616.6666,452.8906,989.6054
94,571.9298,519.1304,615.7894,457.7532,987.8242
95,572.8070,521.7391,618.4210,462.6033,991.3446
96,573.6842,526.9565,616.6666,467.4556,993.5162
97,578.9473,521.7391,621.0526,472.3187,996.5430
98,577.1929,528.6956,618.4210,477.1645,997.5547
99,578.9473,529.5652,614.9122,482.0217,996.8633
100,584.2105,527.8261,619.2982,486.8794,1001.7148
101,582.4561,532.1738,614.0350,491.9211,999.7515
102,582.4561,540.8695,611.4035,496.8639,1002.8007
103,585.9649,534.7825,614.0350,501.9068,1003.1881
104,588.5964,534.7825,608.7719,506.9402,1001.5195
105,588.5964,533.9130,612.2807,511.9796,1003.1932
106,586.8421,540.0000,610.5263,517.0180,1004.3535
107,584.2105,541.7391,611.4035,522.0319,1004.2895
108,589.4736,537.3912,607.8947,527.0643,1002.8981
109,589.4736,535.6521,609.6491,532.1005,1003.0326
110,585.9649,536.5217,608.7719,537.1351,1000.9064
111,586.8421,533.0434,609.6491,542.1741,1000.0955
112,585.0877,535.6521,607.0175,547.2044,998.8599
113,585.0877,533.0434,608.7719,552.1467,998.5320
114,581.5789,532.1738,615.7894,557.0858,1000.3198
115,585.0877,524.3478,609.6491,562.1187,994.4547
116,589.4736,524.3478,613.1578,567.0619,999.1909
117,583.3333,520.0000,615.7894,572.0024,994.9243
118,579.8245,520.8695,612.2807,576.9268,991.1555
119,581.5789,515.6521,611.4035,581.8773,988.9112
120,581.5789,521.7391,614.9122,586.8300,994.2650
121,581.5789,516.5217,613.1578,591.7842,990.4500
122,581.5789,514.7825,615.7894,596.7207,991.1770
123,581.5789,513.9130,614.9122,601.6591,990.1806
124,578.9473,518.2608,614.0350,606.6004,990.3602
125,577.1929,517.3912,615.7894,611.5346,989.9708
126,577.1929,512.1738,616.6666,616.4732,987.8013
127,573.6842,512.1738,614.9122,621.4074,984.6586
128,575.4385,517.3912,617.5438,626.3460,990.0422
129,583.3333,515.6521,614.0350,631.2774,991.5714
130,576.3157,516.5217,617.5438,636.2230,990.0985
131,578.0701,513.0434,615.7894,641.1664,988.2183
132,578.0701,518.2608,614.0350,646.1055,989.8477
133,577.1929,520.0000,614.9122,651.0418,990.7920
134,580.7017,518.2608,614.0350,655.9674,991.3869
135,582.4561,513.9130,618.4210,660.9124,992.8778
136,585.9649,514.7825,618.4210,665.8667,995.3897
137,581.5789,513.0434,614.9122,670.8188,989.7296
138,583.3333,512.1738,620.1754,675.7568,993.5881
139,583.3333,512.1738,618.4210,680.6923,992.4940
140,586.8421,508.6956,618.4210,685.6293,992.7736
141,587.7192,513.9130,615.7894,690.5725,994.3426
142,590.3508,510.4347,620.1754,695.5153,996.8327
143,588.5964,511.3043,617.5438,700.4550,994.6046
144,583.3333,516.5217,617.5438,705.3959,994.1996
145,583.3333,513.0434,614.9122,710.3402,990.7615
146,583.3333,516.5217,614.9122,715.2744,992.5671
147,586.8421,513.9130,613.1578,720.2244,992.1959
148,583.3333,518.2608,606.1403,725.1727,988.0679
149,578.9473,513.9130,612.2807,730.1130,987.0026
150,581.5789,511.3043,608.7719,735.0563,985.0225
151,582.4561,508.6956,613.1578,739.9981,986.9088
152,578.0701,511.3043,614.0350,744.9497,986.2232
153,582.4561,510.4347,612.2807,749.8914,987.2620
154,580.7017,506.9565,615.7894,754.8419,986.6185
155,582.4561,506.9565,610.5263,759.7979,984.3792
156,578.0701,507.8260,606.1403,764.7402,979.5195
157,580.7017,505.2173,604.3859,769.6755,978.6427
158,578.0701,501.7391,606.1403,774.6167,976.3777
159,576.3157,500.0000,610.5263,779.5509,977.1807
160,571.0526,498.2608,611.4035,784.4694,973.7449
161,571.0526,496.5217,613.1578,789.4030,973.9597
162,564.9122,493.0434,614.9122,794.3404,969.7086
163,569.2982,484.3478,613.1578,799.2781,966.7760
164,567.5438,485.2173,616.6666,804.2257,968.4109
165,567.5438,483.4782,619.2982,809.1773,969.2200
166,571.9298,479.1304,621.9298,814.1269,971.3219
167,571.0526,479.1304,622.8070,819.0756,971.3679
168,565.7894,477.3912,617.5438,824.0168,964.0438
169,571.9298,479.1304,616.6666,828.9591,967.9604
170,567.5438,479.1304,613.1578,833.9123,963.1379
171,567.5438,480.0000,626.3157,838.8590,971.9967
172,567.5438,478.2608,620.1754,843.7921,967.1903
173,578.9473,479.1304,625.4385,848.7290,977.7113
174,573.6842,479.1304,626.3157,853.6708,975.1671
175,574.5614,481.7391,623.6842,858.6077,975.2822
176,574.5614,482.6087,620.1754,863.5490,973.4729
177,574.5614,488.6956,621.9298,868.4886,977.6200
178,573.6842,494.7826,614.0350,873.4304,975.1730
179,575.4385,499.1304,611.4035,878.3652,976.7676
180,582.4561,508.6956,610.5263,883.3146,985.2760
181,585.9649,518.2608,606.1403,888.2531,989.6238
182,590.3508,515.6521,602.6315,893.2005,988.7244
183,589.4736,526.9565,593.8596,898.1514,988.8536
184,594.7368,522.6087,598.2456,903.1056,992.3353
185,594.7368,525.2174,599.1228,908.0552,994.2400
186,597.3684,525.2174,595.6140,912.9990,993.7094
187,598.2456,522.6087,600.0000,917.9538,995.4987
188,602.6315,519.1304,602.6315,922.8870,997.9108
189,608.7719,513.9130,601.7543,927.8380,998.4078
190,604.3859,513.9130,601.7543,932.7927,995.7396
191,609.6491,506.9565,602.6315,937.7359,995.9125
192,605.2631,506.0869,600.8771,942.6820,991.7262
193,601.7543,500.0000,607.8947,947.6209,990.7796
194,601.7543,496.5217,609.6491,952.5459,990.1081
195,595.6140,493.0434,603.5087,957.4850,980.8520
196,595.6140,492.1739,599.1228,962.4214,977.7214
197,592.1052,492.1739,606.1403,967.3588,979.9132
198,579.8245,492.1739,608.7719,972.2931,974.1842
199,594.7368,488.6956,609.6491,977.2420,981.9406
200,574.5614,512.1738,597.3684,982.1959,974.3161
201,593.8596,501.7391,607.8947,987.1424,986.8877
202,582.4561,503.4782,603.5087,992.0972,978.2476
203,586.8421,513.9130,607.0175,997.0449,988.4131
204,604.3859,512.1738,602.6315,1001.9895,995.3739
205,585.9649,513.0434,588.5964,1007.0289,976.2244
206,581.5789,523.4782,590.3508,1012.0603,980.1926
207,585.9649,526.9565,594.7368,1017.0960,987.2942
208,592.1052,522.6087,600.0000,1022.1365,991.8208
209,587.7192,526.9565,585.9649,1027.1569,983.0829
210,589.4736,531.3043,593.8596,1032.1970,991.1774
211,591.2280,533.9130,592.1052,1037.2353,992.5736
212,586.8421,533.0434,589.4736,1042.2753,987.9262
213,591.2280,533.0434,592.1052,1047.3245,992.1061
214,592.9824,530.4347,600.0000,1052.3444,996.4884
215,594.7368,527.8261,599.1228,1057.3557,995.6206
216,589.4736,526.0869,606.1403,1062.3854,995.8176
217,592.9824,528.6956,588.5964,1067.4093,988.7330
218,585.9649,541.7391,597.3684,1072.4407,996.8375
219,600.8771,529.5652,600.0000,1077.4746,1000.7460
220,614.0350,524.3478,607.0175,1082.5743,1010.1732
221,612.2807,520.8695,611.4035,1087.6810,1009.9539
222,594.7368,533.9130,589.4736,1092.8018,993.1033
223,599.1228,525.2174,586.8421,1097.8321,989.5378
224,594.7368,526.0869,605.2631,1102.8732,998.4102
225,578.9473,528.6956,600.8771,1107.9132,987.8018
226,587.7192,526.0869,607.0175,1112.9581,995.3148
227,595.6140,526.0869,609.6491,1117.9906,1001.5964
228,578.0701,523.4782,601.7543,1123.1201,985.0396
229,565.7894,531.3043,602.6315,1128.1508,982.6326
230,582.4561,540.8695,600.8771,1133.1920,996.4177
231,578.0701,541.7391,600.8771,1138.2352,994.3338
232,570.1754,543.4782,598.2456,1143.2736,989.1240
233,566.6666,548.6956,603.5087,1148.3218,993.1771
234,560.5263,548.6956,600.0000,1153.3510,987.5508
235,560.5263,549.5652,607.0175,1158.3612,992.3114
236,557.0175,553.0434,607.8947,1163.3843,992.8048
237,557.8947,553.0434,609.6491,1168.4064,994.3719
238,557.0175,550.4347,603.5087,1173.4323,988.6707
239,552.6315,541.7391,601.7543,1178.4577,980.3016
240,557.8947,545.2174,606.1403,1183.4892,987.8839
241,558.7719,545.2174,608.7719,1188.5194,989.9956
242,565.7894,540.8695,614.0350,1193.5513,994.8350
243,564.0350,545.2174,600.8771,1198.5810,988.1553
244,571.0526,553.9130,600.8771,1203.6048,996.9824
245,567.5438,564.3478,602.6315,1208.6351,1001.8779
246,572.8070,541.7391,606.1403,1213.7559,994.4824
247,572.8070,540.8695,605.2631,1218.7873,993.4743
248,574.5614,534.7825,608.7719,1223.8208,993.3359
249,581.5789,531.3043,609.6491,1228.8640,996.0875
250,585.9649,529.5652,609.6491,1233.9042,997.7305
251,586.8421,533.9130,606.1403,1238.9484,998.4252
252,583.3333,530.4347,607.0175,1243.9934,995.0422
253,588.5964,533.0434,607.0175,1249.0274,999.5255
254,590.3508,535.6521,612.2807,1254.0538,1005.1492
255,592.1052,530.4347,613.1578,1259.1790,1003.9483
256,587.7192,526.9565,613.1578,1264.3167,999.5297
257,578.9473,528.6956,609.6491,1269.3475,993.1622
258,566.6666,528.6956,607.0175,1274.3767,984.4290
259,558.7719,531.3043,606.1403,1279.4019,980.7734
260,553.5087,531.3043,609.6491,1284.4300,979.9634
261,560.5263,525.2174,608.7719,1289.4620,980.1256
262,558.7719,521.7391,614.9122,1294.4906,981.0988
263,556.1403,512.1738,609.6491,1299.5208,971.2292
264,555.2631,513.9130,612.2807,1304.5467,973.2992
265,554.3859,525.2174,606.1403,1309.5766,974.9888
266,558.7719,540.0000,603.5087,1314.6066,983.8947
267,560.5263,541.7391,602.6315,1319.6206,985.3100
268,565.7894,540.8695,602.6315,1324.6519,987.8372
269,560.5263,538.2608,605.2631,1329.6865,985.0167
270,557.0175,538.2608,605.2631,1334.7097,983.0242
271,555.2631,540.8695,600.8771,1339.7274,980.7703
272,563.1578,535.6521,602.6315,1344.7608,983.4810
273,576.3157,538.2608,607.0175,1349.7911,995.1557
274,570.1754,538.2608,617.5438,1354.8127,998.0907
275,575.4385,537.3912,613.1578,1359.8381,997.9386
276,578.0701,534.7825,615.7894,1364.8802,999.6770
277,574.5614,540.0000,616.6666,1369.9196,1000.9987
278,577.1929,536.5217,621.0526,1375.0346,1003.3511
279,577.1929,540.8695,621.0526,1380.1538,1005.6828
280,576.3157,538.2608,628.0701,1385.2806,1008.1353
281,574.5614,540.0000,628.0701,1390.4019,1008.0639
282,578.9473,538.2608,622.8070,1395.4924,1006.3763
283,582.4561,534.7825,625.4385,1400.6127,1008.1770
284,582.4561,538.2608,621.0526,1405.7320,1007.3163
285,581.5789,533.9130,621.9298,1410.8464,1005.0342
286,579.8245,539.1304,620.1754,1415.9781,1005.7214
287,579.8245,533.9130,616.6666,1421.1087,1000.7684
288,578.9473,535.6521,618.4210,1426.2420,1002.2714
289,578.9473,538.2608,616.6666,1431.3739,1002.5879
290,572.8070,538.2608,614.9122,1436.4940,997.9728
291,574.5614,538.2608,613.1578,1441.5264,997.9018
292,571.0526,538.2608,614.0350,1446.5556,996.4260
293,574.5614,540.8695,618.4210,1451.5749,1002.5494
294,573.6842,535.6521,612.2807,1456.6975,995.4519
295,574.5614,533.9130,618.4210,1461.7301,998.8135
296,573.6842,533.9130,619.2982,1466.7645,998.8528
297,573.6842,528.6956,620.1754,1471.7988,996.6193
298,575.4385,526.9565,616.6666,1476.8288,994.5303
299,582.4561,529.5652,624.5614,1481.8764,1004.8738
300,583.3333,527.8261,624.5614,1487.0087,1004.4675
301,581.5789,520.8695,628.0701,1492.1350,1002.0036
302,581.5789,520.0000,621.9298,1497.2542,997.7127
303,582.4561,513.9130,629.8245,1502.2790,1000.0203
304,582.4561,517.3912,623.6842,1507.4069,997.9633
305,585.9649,520.0000,624.5614,1512.4382,1001.9140
306,585.0877,521.7391,623.6842,1517.5396,1001.7590
307,585.0877,518.2608,624.5614,1522.6599,1000.4993
308,583.3333,519.1304,623.6842,1527.7747,999.3778
309,585.0877,516.5217,621.0526,1532.8033,997.4110
310,587.7192,519.1304,624.5614,1537.8249,1002.4905
311,585.9649,517.3912,620.1754,1542.9561,997.8307
312,589.4736,520.0000,621.0526,1547.9990,1001.7911
313,586.8421,520.0000,621.9298,1553.1077,1000.7898
314,589.4736,520.0000,621.9298,1558.2199,1002.3352
315,588.5964,508.6956,619.2982,1563.3406,994.3577
316,594.7368,513.9130,625.4385,1568.3710,1004.4859
317,596.4912,513.9130,626.3157,1573.4930,1006.0714
318,595.6140,509.5652,624.5614,1578.6094,1002.2423
319,591.2280,509.5652,621.9298,1583.7298,998.0000
320,590.3508,509.5652,628.0701,1588.7458,1001.3206
321,597.3684,513.9130,626.3157,1593.8608,1006.5917
322,598.2456,513.0434,625.4385,1598.9946,1006.1236
323,595.6140,516.5217,619.2982,1604.1192,1002.5372
324,595.6140,513.0434,622.8070,1609.2476,1002.9248
325,598.2456,513.9130,627.1929,1614.3750,1007.6583
326,599.1228,510.4347,626.3157,1619.4958,1005.8644
327,600.0000,514.7825,626.3157,1624.6156,1008.5993
328,600.0000,512.1738,627.1929,1629.7169,1007.8160
329,598.2456,512.1738,627.1929,1634.8160,1006.7725
330,595.6140,506.0869,627.1929,1639.9451,1002.1232
331,599.1228,506.9565,626.3157,1645.0703,1004.1038
332,598.2456,507.8260,625.4385,1650.1938,1003.4732
333,594.7368,510.4347,627.1929,1655.3388,1003.8060
334,599.1228,506.0869,629.8245,1660.4606,1005.8583
335,599.1228,509.5652,627.1929,1665.5777,1005.9701
336,600.0000,506.0869,623.6842,1670.6958,1002.5497
337,600.0000,508.6956,625.4385,1675.7949,1004.9600
338,596.4912,506.9565,622.8070,1680.8990,1000.3475
339,596.4912,508.6956,625.4385,1686.0355,1002.8691
340,593.8596,505.2173,622.8070,1691.1644,997.8989
341,598.2456,504.3478,627.1929,1696.2098,1002.8138
342,598.2456,501.7391,628.9473,1701.3406,1002.6040
343,599.1228,500.8695,628.9473,1706.4642,1002.6929
344,598.2456,506.0869,629.8245,1711.5861,1005.3361
345,602.6315,501.7391,633.3333,1716.7036,1007.9772
346,595.6140,499.1304,635.0877,1721.8284,1003.6053
347,606.1403,499.1304,635.0877,1726.9577,1009.8880
348,607.8947,498.2608,635.0877,1732.0845,1010.5128
349,609.6491,495.6521,632.4561,1737.2108,1008.6346
350,605.2631,495.6521,630.7017,1742.3447,1004.8876
351,607.8947,502.6087,630.7017,1747.4688,1009.9189
352,600.8771,500.0000,629.8245,1752.5961,1003.8587
353,597.3684,506.9565,631.5789,1757.7023,1006.3527
354,599.1228,508.6956,628.0701,1762.8270,1006.0773
355,598.2456,505.2173,618.4210,1767.9511,997.7910
356,598.2456,501.7391,627.1929,1772.9965,1001.5043
357,595.6140,506.0869,631.5789,1778.1304,1004.8740
358,595.6140,505.2173,628.0701,1783.2595,1002.2338
359,595.6140,506.9565,623.6842,1788.3874,1000.3713
360,600.0000,503.4782,630.7017,1793.5115,1005.6217
361,602.6315,511.3043,628.9473,1798.6157,1010.0355
362,597.3684,509.5652,629.8245,1803.7343,1006.5708
363,595.6140,503.4782,634.2105,1808.8562,1005.2210
364,594.7368,505.2173,637.7192,1813.9901,1007.7908
365,597.3684,502.6087,642.1052,1819.1271,1010.8233
366,599.1228,497.3912,642.1052,1824.2578,1009.2796
367,602.6315,493.0434,641.2280,1829.3836,1008.6774
368,600.0000,493.0434,645.6140,1834.4990,1009.9055
369,595.6140,488.6956,646.4912,1839.5981,1005.7486
370,600.0000,489.5652,646.4912,1844.7200,1008.7739
371,601.7543,495.6521,644.7368,1849.8240,1011.6644
372,601.7543,493.9130,643.8596,1854.9606,1010.2542
373,600.0000,496.5217,644.7368,1860.0977,1011.0486
374,601.7543,493.9130,645.6140,1865.2044,1011.3732
375,596.4912,492.1739,642.1052,1870.3406,1005.1547
376,601.7543,498.2608,643.8596,1875.4554,1012.3870
377,595.6140,498.2608,635.9649,1880.5762,1003.7286
378,594.7368,500.0000,635.0877,1885.6992,1003.5179
379,602.6315,500.0000,639.4736,1890.8005,1010.9853
380,600.0000,504.3478,640.3508,1895.9050,1012.1343
381,601.7543,500.0000,641.2280,1901.0155,1011.5739
382,600.8771,500.0000,642.9824,1906.1234,1012.1659
383,606.1403,501.7391,640.3508,1911.2360,1014.4937
384,602.6315,502.6087,636.8421,1916.3665,1010.6177
385,602.6315,500.0000,642.1052,1921.4907,1012.6519
386,600.8771,505.2173,637.7192,1926.5920,1011.4266
387,602.6315,504.3478,637.7192,1931.7155,1012.0363
388,607.8947,508.6956,639.4736,1936.8332,1018.4467
389,599.1228,513.0434,638.5964,1941.9698,1014.8729
390,602.6315,506.9565,637.7192,1947.0966,1013.3388
391,600.8771,505.2173,636.8421,1952.2299,1010.8738
392,600.0000,500.0000,641.2280,1957.3654,1010.5312
393,598.2456,507.8260,635.9649,1962.4466,1010.0675
394,595.6140,502.6087,641.2280,1967.5664,1009.2299
395,595.6140,507.8260,637.7192,1972.6883,1009.6184
396,595.6140,500.0000,636.8421,1977.8145,1005.1486
397,592.9824,502.6087,642.1052,1982.9180,1008.2375
398,591.2280,498.2608,641.2280,1988.0509,1004.4839
399,590.3508,500.0000,641.2280,1993.1761,1004.8321
400,588.5964,501.7391,636.8421,1998.2883,1001.8761
401,592.1052,504.3478,639.4736,2003.4245,1006.9171
402,588.5964,502.6087,638.5964,2008.5440,1003.4275
403,594.7368,503.4782,638.5964,2013.6677,1007.4759
404,594.7368,506.9565,640.3508,2018.7918,1010.3296
405,598.2456,511.3043,634.2105,2023.9166,1010.7189
406,596.4912,510.4347,634.2105,2029.0513,1009.2415
407,596.4912,510.4347,630.7017,2034.1787,1007.0402
408,592.1052,514.7825,631.5789,2039.3190,1007.2148
409,590.3508,517.3912,628.9473,2044.4355,1005.8741
410,592.9824,513.9130,628.9473,2049.5568,1005.6389
411,593.8596,518.2608,630.7017,2054.6826,1009.4792
412,592.1052,518.2608,630.7017,2059.8056,1008.4481
413,598.2456,520.0000,633.3333,2064.9243,1014.5979
414,593.8596,519.1304,632.4561,2070.0375,1011.0224
415,594.7368,512.1738,630.7017,2075.1594,1006.8856
416,592.9824,515.6521,630.7017,2080.2900,1007.6259
417,593.8596,514.7825,630.7017,2085.4243,1007.6979
418,591.2280,512.1738,632.4561,2090.5478,1005.9192
419,592.1052,513.9130,635.9649,2095.6677,1009.5278
420,592.1052,510.4347,634.2105,2100.7895,1006.6555
421,592.9824,509.5652,640.3508,2105.9108,1010.6107
422,594.7368,507.8260,640.3508,2111.0463,1010.7662
423,594.7368,508.6956,640.3508,2116.1796,1011.2034
424,596.4912,507.8260,635.0877,2121.3222,1008.4768
425,597.3684,503.4782,636.8421,2126.4436,1007.9222
426,596.4912,506.9565,635.9649,2131.5693,1008.5921
427,592.1052,507.8260,632.4561,2136.6955,1004.2294
428,594.7368,506.0869,632.4561,2141.8164,1004.9062
429,596.4912,505.2173,635.0877,2146.9494,1007.1657
430,596.4912,509.5652,627.1929,2152.0810,1004.4050
431,594.7368,509.5652,627.1929,2157.2082,1003.3641
432,593.8596,515.6521,624.5614,2162.3398,1004.3123
433,589.4736,520.0000,618.4210,2167.4636,1000.1619
434,590.3508,521.7391,614.9122,2172.5649,999.4213
435,592.9824,520.8695,621.0526,2177.6005,1004.3105
436,592.9824,517.3912,616.6666,2182.7197,999.7998
437,594.7368,520.0000,619.2982,2187.7531,1003.8137
438,593.8596,520.8695,613.1578,2192.8576,999.9685
439,591.2280,520.8695,614.9122,2197.9047,999.4863
440,594.7368,522.6087,621.0526,2202.9523,1006.2495
441,592.1052,522.6087,622.8070,2208.0830,1005.7818
442,592.1052,520.0000,615.7894,2213.2126,1000.0926
443,599.1228,513.9130,624.5614,2218.3305,1006.5444
444,596.4912,513.9130,618.4210,2223.4516,1001.1757
445,600.8771,512.1738,619.2982,2228.5734,1003.4469
446,596.4912,509.5652,623.6842,2233.6933,1002.2177
447,595.6140,509.5652,626.3157,2238.8181,1003.3365
448,596.4912,501.7391,623.6842,2243.9519,998.2614
449,597.3684,505.2173,626.3157,2248.9985,1002.1801
450,595.6140,500.0000,627.1929,2254.1318,999.0631
451,590.3508,505.2173,626.3157,2259.1491,998.0131
452,593.8596,498.2608,627.1929,2264.1853,997.1480
453,595.6140,500.8695,625.4385,2269.2241,998.3986
454,599.1228,500.0000,629.8245,2274.2695,1002.8096
455,600.0000,501.7391,632.4561,2279.3837,1005.8543
456,594.7368,499.1304,629.8245,2284.4895,999.7609
457,595.6140,498.2608,630.7017,2289.5224,1000.4022
458,594.7368,497.3912,628.9473,2294.6442,998.3410
459,595.6140,496.5217,625.4385,2299.6789,996.2245
460,590.3508,500.8695,628.0701,2304.7111,996.9235
461,592.9824,500.0000,628.0701,2309.7424,998.0482
462,596.4912,504.3478,619.2982,2314.7487,996.8444
463,594.7368,505.2173,628.0701,2319.7822,1001.7128
464,588.5964,504.3478,620.1754,2324.9030,992.6883
465,592.9824,505.2173,620.1754,2329.9467,995.7360
466,596.4912,509.5652,616.6666,2334.9912,997.8658
467,592.1052,505.2173,618.4210,2340.0388,994.1216
468,593.8596,512.1738,613.1578,2345.0739,995.4666
469,593.8596,513.0434,618.4210,2350.1101,999.1633
470,599.1228,506.0869,621.0526,2355.1457,1000.3891
471,599.1228,513.9130,623.6842,2360.2661,1006.0003
472,598.2456,512.1738,619.2982,2365.3896,1001.8733
473,602.6315,510.4347,621.0526,2370.5078,1004.6964
474,593.8596,511.3043,621.0526,2375.6281,999.9038
475,595.6140,504.3478,623.6842,2380.6589,999.0519
476,599.1228,503.4782,624.5614,2385.6875,1001.2569
477,599.1228,506.0869,621.9298,2390.8083,1000.9339
478,601.7543,504.3478,628.0701,2395.9265,1005.4587
479,601.7543,506.9565,631.5789,2401.0576,1008.9624
480,600.8771,500.0000,629.8245,2406.1909,1003.8587
481,599.1228,500.0000,629.8245,2411.3195,1002.8096
482,601.7543,500.8695,630.7017,2416.4223,1005.3673
483,600.0000,505.2173,635.0877,2421.5485,1009.2477
484,603.5087,503.4782,630.7017,2426.6477,1007.7191
485,600.0000,507.8260,635.9649,2431.7746,1011.1076
486,600.0000,506.0869,630.7017,2436.8801,1006.9303
487,600.8771,506.9565,631.5789,2441.9929,1008.4395
488,602.6315,500.0000,632.4561,2447.1311,1006.5612
489,599.1228,508.6956,628.9473,2452.2465,1006.6251
490,602.6315,506.9565,629.8245,2457.3798,1008.3891
491,600.8771,511.3043,623.6842,2462.5056,1005.7174
492,601.7543,511.3043,625.4385,2467.6313,1007.3300
493,598.2456,508.6956,625.4385,2472.7553,1003.9135
494,600.0000,510.4347,622.8070,2477.8789,1004.2072
495,593.8596,512.1738,619.2982,2482.9960,999.2605
496,597.3684,511.3043,625.4385,2488.0380,1004.7161
497,594.7368,510.4347,619.2982,2493.1687,998.8922
498,595.6140,514.7825,620.1754,2498.2167,1002.1849
499,595.6140,513.0434,622.8070,2503.3469,1002.9248
500,595.6140,505.2173,623.6842,2508.4650,999.4912
501,594.7368,510.4347,625.4385,2513.5002,1002.7108
502,595.6140,510.4347,623.6842,2518.6259,1002.1385
503,592.1052,511.3043,626.3157,2523.7485,1002.1438
504,592.9824,512.1738,626.3157,2528.8654,1003.1060
505,594.7368,512.1738,624.5614,2533.9956,1003.0507
506,593.8596,508.6956,625.4385,2539.1223,1001.3061
507,592.1052,513.0434,626.3157,2544.2546,1003.0322
508,592.1052,516.5217,627.1929,2549.3732,1005.3628
509,592.1052,510.4347,621.9298,2554.4887,998.9639
510,596.4912,513.9130,627.1929,2559.5227,1006.6177
511,592.1052,510.4347,623.6842,2564.6462,1000.0571
512,592.9824,513.9130,624.5614,2569.7634,1002.9016
513,596.4912,513.9130,624.5614,2574.8896,1004.9802
514,596.4912,518.2608,620.1754,2580.0273,1004.4967
515,600.0000,513.9130,623.6842,2585.1525,1006.5230
516,597.3684,516.5217,626.3157,2590.2670,1007.9262
517,600.8771,518.2608,629.8245,2595.3994,1013.0778
518,600.8771,512.1738,628.0701,2600.5173,1008.8843
519,605.2631,518.2608,623.6842,2605.6359,1011.8892
520,601.7543,515.6521,625.4385,2610.7568,1009.5439
521,602.6315,516.5217,624.5614,2615.8820,1009.9685
522,604.3859,513.9130,621.9298,2621.0163,1008.0603
523,609.6491,513.9130,623.6842,2626.1425,1012.3046
524,614.9122,518.2608,626.3157,2631.2770,1019.3051
525,617.5438,516.5217,627.1929,2636.4072,1020.5518
526,616.6666,513.9130,625.4385,2641.5275,1017.6235
527,616.6666,516.5217,626.3157,2646.6530,1019.4822
528,617.5438,516.5217,624.5614,2651.7751,1018.9367
529,624.5614,512.1738,624.5614,2656.8991,1021.0171
530,623.6842,519.1304,621.9298,2662.0253,1022.3869
531,623.6842,517.3912,619.2982,2667.1538,1019.9049
532,627.1929,516.5217,625.4385,2672.2844,1025.3482
533,624.5614,515.6521,629.8245,2677.4150,1025.9888
534,622.8070,518.2608,623.6842,2682.5412,1022.4797
535,616.6666,513.9130,625.4385,2687.6635,1017.6235
536,614.0350,515.6521,621.0526,2692.7888,1014.2202
537,614.9122,520.8695,616.6666,2697.9038,1014.7413
538,614.0350,520.0000,616.6666,2703.0419,1013.7637
539,614.9122,518.2608,613.1578,2708.1489,1011.2734
540,614.9122,520.0000,613.1578,2713.2770,1012.1658
541,613.1578,513.9130,614.9122,2718.3876,1009.0521
542,611.4035,513.0434,617.5438,2723.5058,1009.1522
543,614.9122,518.2608,619.2982,2728.6203,1015.0082
544,612.2807,517.3912,621.0526,2733.7346,1014.0452
545,614.9122,510.4347,625.4385,2738.8457,1014.8074
546,613.1578,510.4347,613.1578,2743.9843,1006.2151
547,614.9122,513.0434,621.0526,2749.1149,1013.4283
548,617.5438,512.1738,618.4210,2754.2392,1012.9793
549,616.6666,510.4347,622.8070,2759.3703,1014.2534
550,616.6666,510.4347,624.5614,2764.4951,1015.3316
551,614.9122,513.0434,623.6842,2769.6203,1015.0432
552,618.4210,506.0869,630.7017,2774.7358,1018.0144
553,618.4210,507.8260,630.7017,2779.8491,1018.8801
554,615.7894,503.4782,629.8245,2784.9890,1014.5767
555,615.7894,503.4782,628.0701,2790.1284,1013.4886
556,618.4210,506.9565,625.4385,2795.2590,1015.1960
557,622.8070,510.4347,627.1929,2800.3940,1020.6876
558,616.6666,507.8260,627.1929,2805.5170,1015.6456
559,621.0526,507.8260,626.3157,2810.6418,1017.7745
560,621.0526,505.2173,625.4385,2815.7631,1015.9352
561,619.2982,507.8260,628.9473,2820.8835,1018.3282
562,618.4210,507.8260,626.3157,2826.0212,1016.1709
563,620.1754,506.9565,626.3157,2831.1503,1016.8057
564,620.1754,510.4347,620.1754,2836.2841,1014.7801
565,621.0526,514.7825,616.6666,2841.4160,1015.3744
566,618.4210,514.7825,617.5438,2846.5341,1014.3008
567,618.4210,518.2608,617.5438,2851.6545,1016.0705
568,615.7894,512.1738,611.4035,2856.7722,1007.6373
569,619.2982,512.1738,613.1578,2861.8935,1010.8486
570,614.9122,510.4347,614.0350,2867.0231,1007.8193
571,615.7894,511.3043,612.2807,2872.1511,1007.7283
572,622.8070,508.6956,614.9122,2877.2839,1012.3126
573,623.6842,500.0000,617.5438,2882.4194,1010.1199
574,621.0526,496.5217,616.6666,2887.5222,1006.2395
575,618.4210,493.9130,609.6491,2892.6403,999.0328
576,588.5964,492.1739,654.3859,2897.6728,1008.4155
577,550.0000,411.3043,576.3157,2902.7932,896.5551
578,307.0175,580.8695,392.9824,2907.8071,765.5745
579,636.8421,483.4782,867.5438,2912.8374,1179.8099
580,651.7543,533.0434,735.9649,2917.9763,1118.2858
581,665.7894,525.2174,691.2280,2923.1083,1094.0407
582,708.7719,501.7391,614.9122,2928.2346,1064.0567
583,714.9122,545.2174,614.9122,2933.3666,1089.2561
584,530.7017,466.9565,628.0701,2938.4897,945.6029
585,475.4385,430.4347,448.2456,2943.5205,782.4577
586,568.4210,444.3478,520.1754,2948.5529,889.4548
587,600.0000,441.7391,687.7192,2953.5837,1013.9483
588,703.5087,487.8260,657.0175,2958.6926,1079.1528
589,773.6842,550.4347,672.8070,2963.8103,1163.7159
590,602.6315,567.8261,684.2105,2968.9494,1074.1207
591,363.1578,464.3478,578.9473,2974.0842,826.2460
592,577.1929,566.0869,574.5614,2979.1201,991.8301
593,567.5438,471.3043,574.5614,2984.1574,935.0693
594,634.2105,444.3478,677.1929,2989.1970,1028.7167
595,687.7192,440.0000,655.2631,2994.3393,1046.8656
596,588.5964,446.9565,639.4736,2999.4448,977.3139
597,572.8070,488.6956,594.7368,3004.4809,959.5015
598,657.8947,533.9130,612.2807,3009.5156,1045.3593
599,675.4385,491.3043,622.8070,3014.6396,1041.8664
600,578.9473,477.3912,621.9298,3019.7658,974.6174
601,580.7017,503.4782,620.1754,3024.8020,987.5841
602,605.2631,493.0434,601.7543,3029.8371,985.6691
603,627.1929,483.4782,607.0175,3034.8781,997.7938
604,629.8245,468.6956,614.0350,3039.9169,996.6914
605,607.8947,459.1304,615.7894,3044.9584,979.5578
606,601.7543,470.4347,593.8596,3050.0039,967.5156
607,594.7368,476.5217,588.5964,3055.0451,962.9281
608,585.9649,480.8695,598.2456,3060.0861,965.6542
609,599.1228,480.0000,595.6140,3065.1315,971.6502
610,601.7543,485.2173,602.6315,3070.1533,980.1577
611,614.0350,487.8260,614.9122,3075.1948,996.5593
612,616.6666,488.6956,609.6491,3080.2353,995.3759
613,618.4210,479.1304,610.5263,3085.2797,992.3472
614,615.7894,481.7391,617.5438,3090.3334,996.3080
615,607.8947,482.6087,616.6666,3095.3666,991.3248
616,607.8947,486.9565,617.5438,3100.4023,993.9935
617,610.5263,487.8260,616.6666,3105.4394,995.4870
618,620.1754,486.0869,617.5438,3110.4755,1001.1286
619,630.7017,496.5217,614.9122,3115.5905,1011.1556
620,633.3333,506.9565,613.1578,3120.7136,1016.8965
621,628.9473,506.0869,623.6842,3125.8371,1020.1376
622,630.7017,526.9565,628.0701,3130.9682,1034.3790
623,598.2456,513.0434,624.5614,3136.1022,1005.5786
624,600.0000,513.0434,602.6315,3141.2272,993.1658
625,608.7719,503.4782,601.7543,3146.2441,993.0770
626,623.6842,498.2608,607.8947,3151.2856,1003.3851
627,634.2105,501.7391,620.1754,3156.4189,1019.1087
628,623.6842,513.9130,617.5438,3161.5380,1017.0786
629,629.8245,513.0434,619.2982,3166.6584,1021.4807
630,623.6842,509.5652,622.8070,3171.7775,1018.0998
631,630.7017,506.0869,628.9473,3176.8996,1024.4429
632,633.3333,494.7826,628.0701,3182.0329,1019.9966
633,635.9649,494.7826,626.3157,3187.1591,1020.5551
634,625.4385,506.9565,629.8245,3192.2924,1022.1826
635,623.6842,513.9130,621.9298,3197.4279,1019.7476
636,619.2982,514.7825,619.2982,3202.5541,1015.9043
637,623.6842,508.6956,622.8070,3207.6750,1017.6648
638,628.0701,513.0434,618.4210,3212.8024,1019.8677
639,626.3157,512.1738,616.6666,3217.9172,1017.2862
640,626.3157,515.6521,615.7894,3223.0483,1018.5113
641,621.0526,510.4347,622.8070,3228.1789,1016.9260
642,626.3157,510.4347,614.9122,3233.3242,1015.3483
643,621.9298,506.9565,618.4210,3238.4487,1013.0381
644,622.8070,509.5652,631.5789,3243.5708,1022.9551
645,620.1754,500.0000,625.4385,3248.6982,1012.8134
646,622.8070,500.0000,624.5614,3253.8034,1013.8863
647,625.4385,499.1304,633.3333,3258.9118,1020.4978
648,619.2982,501.7391,627.1929,3264.0468,1014.2206
649,615.7894,505.2173,625.4385,3269.1770,1012.7263
650,618.4210,505.2173,624.5614,3274.3227,1013.7880
651,621.9298,506.0869,623.6842,3279.4462,1015.8261
652,621.0526,509.5652,618.4210,3284.5703,1013.8085
653,624.5614,503.4782,620.1754,3289.6889,1013.9945
654,616.6666,509.5652,616.6666,3294.8146,1010.0556
655,621.0526,510.4347,615.7894,3299.9484,1012.6434
656,614.9122,512.1738,612.2807,3305.0839,1007.6342
657,616.6666,513.9130,614.0350,3310.2119,1010.6549
658,618.4210,512.1738,613.1578,3315.3430,1010.3115
659,616.6666,509.5652,618.4210,3320.4602,1011.1276
660,616.6666,507.8260,619.2982,3325.5820,1010.7894
661,616.6666,507.8260,620.1754,3330.7089,1011.3272
662,616.6666,501.7391,621.9298,3335.8347,1009.3645
663,616.6666,500.0000,620.1754,3340.9738,1007.4201
664,617.5438,500.8695,620.1754,3346.0898,1008.3889
665,617.5438,502.6087,615.7894,3351.2216,1006.5647
666,617.5438,505.2173,620.1754,3356.3576,1010.5556
667,614.9122,504.3478,620.1754,3361.4794,1008.5144
668,615.7894,500.8695,619.2982,3366.6025,1006.7756
669,615.7894,496.5217,614.9122,3371.7294,1001.9219
670,612.2807,504.3478,617.5438,3376.8569,1005.2933
671,616.6666,496.5217,616.6666,3381.9897,1003.5384
672,614.9122,503.4782,614.0350,3387.1257,1004.3139
673,613.1578,502.6087,616.6666,3392.2553,1004.4182
674,614.9122,502.6087,616.6666,3397.3898,1005.4901
675,617.5438,504.3478,613.1578,3402.5178,1005.8279
676,612.2807,506.0869,617.5438,3407.6398,1006.1670
677,610.5263,504.3478,613.1578,3412.7558,1001.5346
678,612.2807,505.2173,614.0350,3417.8769,1003.5792
679,610.5263,503.4782,615.7894,3423.0068,1002.7110
680,612.2807,503.4782,611.4035,3428.1379,1001.0955
681,613.1578,507.8260,609.6491,3433.2666,1002.7572
682,616.6666,506.9565,613.1578,3438.4025,1006.6008
683,613.1578,507.8260,609.6491,3443.5263,1002.7572
684,615.7894,504.3478,614.0350,3448.6516,1005.2872
685,610.5263,506.9565,614.9122,3453.7705,1003.9244
686,613.1578,502.6087,612.2807,3458.8994,1001.7313
687,614.9122,506.9565,614.9122,3464.0341,1006.5978
688,615.7894,507.8260,614.9122,3469.1689,1007.5718
689,618.4210,506.0869,609.6491,3474.3193,1005.1072
690,614.0350,505.2173,614.9122,3479.4362,1005.1869
691,620.1754,504.3478,616.6666,3484.5544,1009.5850
692,612.2807,501.7391,613.1578,3489.6762,1001.2953
693,614.0350,503.4782,616.6666,3494.7980,1005.3890
694,614.0350,505.2173,614.0350,3499.9194,1004.6505
695,618.4210,504.3478,615.7894,3505.0473,1007.9722
696,615.7894,505.2173,610.5263,3510.1784,1003.5853
697,617.5438,506.0869,615.7894,3515.3254,1008.3060
698,618.4210,499.1304,617.5438,3520.4440,1006.4473
699,618.4210,504.3478,615.7894,3525.5649,1007.9722
700,610.5263,507.8260,615.7894,3530.6892,1004.9011
701,611.4035,502.6087,612.2807,3535.8178,1000.6585
702,613.1578,507.8260,614.9122,3540.9548,1005.9657
703,611.4035,507.8260,614.0350,3546.0935,1004.3608
704,614.0350,507.8260,616.6666,3551.2216,1007.5734
705,612.2807,505.2173,614.9122,3556.3540,1004.1162
706,616.6666,504.3478,616.6666,3561.4743,1007.4335
707,615.7894,505.2173,614.0350,3566.5983,1005.7238
708,614.0350,501.7391,615.7894,3571.7192,1003.9810
709,613.1578,503.4782,614.0350,3576.8427,1003.2407
710,613.1578,505.2173,614.0350,3581.9707,1004.1146
711,620.1754,503.4782,614.0350,3587.0964,1007.5450
712,610.5263,524.3478,614.0350,3592.2231,1012.2855
713,611.4035,502.6087,613.1578,3597.3496,1001.1954
714,614.9122,500.0000,618.4210,3602.4704,1005.2670
715,610.5263,510.4347,615.7894,3607.5756,1006.2219
716,614.0350,504.3478,617.5438,3612.7009,1006.3629
717,612.2807,500.0000,617.5438,3617.8178,1003.1192
718,611.4035,505.2173,612.2807,3622.9199,1001.9713
719,607.8947,502.6087,608.7719,3628.0554,996.3707
720,612.2807,494.7826,614.9122,3633.1003,998.9067
721,609.6491,504.3478,612.2807,3638.1452,1000.4631
722,609.6491,499.1304,609.6491,3643.2763,996.2305
723,612.2807,500.0000,607.8947,3648.3305,997.2079
724,612.2807,500.8695,611.4035,3653.3432,999.7860
725,610.5263,507.8260,607.8947,3658.3784,1000.0828
726,609.6491,503.4782,611.4035,3663.5014,999.4882
727,607.8947,503.4782,614.0350,3668.5354,1000.0327
728,611.4035,500.0000,608.7719,3673.6518,997.2048
729,611.4035,500.8695,609.6491,3678.6652,998.1766
730,608.7719,506.9565,618.4210,3683.6997,1005.0137
731,617.5438,504.3478,613.1578,3688.8205,1005.8279
732,621.0526,497.3912,615.7894,3693.9543,1006.1317
733,618.4210,500.0000,615.7894,3699.0832,1005.8038
734,617.5438,502.6087,614.0350,3704.1965,1005.4924
735,616.6666,496.5217,618.4210,3709.3383,1004.6174
736,614.9122,500.0000,615.7894,3714.4616,1003.6502
737,620.1754,500.0000,614.0350,3719.5703,1005.8114
738,618.4210,498.2608,612.2807,3724.6699,1002.7941
739,616.6666,501.7391,611.4035,3729.7927,1002.9128
740,614.9122,506.0869,610.5263,3734.9199,1003.4856
741,619.2982,505.2173,606.1403,3740.0541,1003.0857
742,620.1754,511.3043,607.8947,3745.1789,1007.7626
743,617.5438,505.2173,608.7719,3750.3259,1003.5976
744,616.6666,510.4347,609.6491,3755.4499,1006.2273
745,614.0350,509.5652,607.0175,3760.5747,1002.5797
746,614.9122,509.5652,608.7719,3765.6889,1004.1798
747,613.1578,506.9565,606.1403,3770.8134,1000.1868
748,619.2982,508.6956,607.8947,3775.9465,1005.9013
749,618.4210,511.3043,605.2631,3781.0856,1005.0971
750,617.5438,509.5652,612.2807,3786.2136,1007.9210
751,615.7894,506.0869,607.8947,3791.3469,1002.4254
752,616.6666,501.7391,609.6491,3796.4677,1001.8442
753,616.6666,500.8695,613.1578,3801.5961,1003.5490
754,613.1578,501.7391,610.5263,3806.7202,1000.2235
755,614.9122,498.2608,614.9122,3811.8432,1002.2465
756,621.0526,496.5217,613.1578,3816.9814,1004.0930
757,618.4210,500.0000,617.5438,3822.1079,1006.8789
758,618.4210,494.7826,614.9122,3827.2231,1002.6821
759,615.7894,494.7826,619.2982,3832.3586,1003.7613
760,610.5263,489.5652,618.4210,3837.4826,997.4272
761,615.7894,492.1739,621.0526,3842.5173,1003.5627
762,622.8070,492.1739,619.2982,3847.6354,1006.8038
763,612.2807,493.0434,613.1578,3852.7585,996.9664
764,615.7894,493.9130,614.0350,3857.7863,1000.0929
765,615.7894,497.3912,610.5263,3862.9045,999.6685
766,616.6666,493.0434,609.6491,3867.9511,997.5177
767,617.5438,491.3043,607.8947,3872.9948,996.1307
768,620.1754,499.1304,606.1403,3878.0419,1000.5772
769,618.4210,499.1304,609.6491,3883.1677,1001.6226
770,617.5438,493.9130,614.0350,3888.3107,1001.1741
771,615.7894,501.7391,609.6491,3893.4289,1001.3045
772,614.9122,502.6087,608.7719,3898.5551,1000.6677
773,621.0526,498.2608,614.0350,3903.6831,1005.4896
774,621.0526,503.4782,607.0175,3908.7963,1003.8261
775,622.8070,500.0000,610.5263,3913.9145,1005.3013
776,620.1754,498.2608,609.6491,3919.0314,1002.2741
777,621.9298,500.0000,606.1403,3924.1577,1002.0992
778,621.9298,501.7391,612.2807,3929.2666,1006.6908
779,621.9298,500.0000,611.4035,3934.4030,1005.2914
780,625.4385,500.0000,613.1578,3939.5070,1008.5316
781,622.8070,505.2173,611.4035,3944.6088,1008.4381
782,620.1754,507.8260,609.6491,3949.7341,1007.0635
783,622.8070,507.8260,611.4035,3954.8540,1009.7475
784,624.5614,506.9565,610.5263,3959.9938,1009.8634
785,623.6842,509.5652,604.3859,3965.1337,1006.9365
786,628.0701,513.0434,604.3859,3970.2675,1011.4188
787,625.4385,514.7825,605.2631,3975.3913,1011.1963
788,624.5614,513.0434,608.7719,3980.5104,1011.8763
789,625.4385,533.0434,608.7719,3985.6289,1022.6984
790,624.5614,517.3912,602.6315,3990.7485,1010.4135
791,616.6666,514.7825,600.8771,3995.8720,1003.1611
792,622.8070,518.2608,604.3859,4001.0065,1010.8240
793,616.6666,534.7825,600.8771,4006.1337,1013.5697
794,614.0350,520.8695,597.3684,4011.2675,1002.5932
795,621.0526,513.0434,607.0175,4016.3981,1008.6576
796,621.0526,513.0434,603.5087,4021.5053,1006.5499
797,618.4210,512.1738,606.1403,4026.6186,1006.0680
798,615.7894,511.3043,607.8947,4031.7324,1005.0695
799,613.1578,505.2173,602.6315,4036.8554,997.1820
800,638.5964,503.4782,602.6315,4041.8986,1012.1564
801,614.0350,508.6956,608.7719,4047.0358,1003.2016
802,612.2807,505.2173,602.6315,4052.1601,996.6428
803,613.1578,505.2173,605.2631,4057.2038,998.7745
804,611.4035,505.2173,607.0175,4062.2465,998.7637
805,616.6666,500.0000,614.0350,4067.2866,1003.6517
806,615.7894,505.2173,612.2807,4072.3977,1004.6536
807,602.6315,513.9130,599.1228,4077.5219,993.0858
808,602.6315,513.0434,599.1228,4082.5522,992.6361
809,611.4035,508.6956,602.6315,4087.5793,997.8729
810,614.9122,500.8695,609.6491,4092.6145,1000.3297
811,613.1578,498.2608,611.4035,4097.7431,999.0198
812,606.1403,510.4347,610.5263,4102.7685,1000.3460
813,607.8947,513.9130,599.1228,4107.8930,996.2884
814,600.8771,516.5217,598.2456,4112.9409,992.8473
815,599.1228,512.1738,599.1228,4117.9892,990.0597
816,614.9122,506.0869,611.4035,4123.0253,1004.0195
817,617.5438,505.2173,613.1578,4128.1474,1006.2642
818,614.0350,500.0000,616.6666,4133.2788,1003.6517
819,607.8947,511.3043,606.1403,4138.3906,999.1868
820,614.0350,508.6956,607.0175,4143.4248,1002.1380
821,613.1578,509.5652,608.7719,4148.5371,1003.1064
822,615.7894,508.6956,606.1403,4153.6567,1002.6834
823,614.9122,513.0434,609.6491,4158.7827,1006.4804
824,616.6666,514.7825,610.5263,4163.9033,1008.9703
825,619.2982,513.9130,602.6315,4169.0410,1005.3863
826,614.0350,518.2608,606.1403,4174.1728,1006.4986
827,614.9122,518.2608,605.2631,4179.2988,1006.5063
828,620.1754,519.1304,606.1403,4184.4321,1010.7027
829,616.6666,523.4782,607.0175,4189.5507,1011.3246
830,621.0526,520.0000,604.3859,4194.6713,1010.6378
831,616.6666,522.6087,599.1228,4199.7709,1006.1539
832,614.9122,525.2174,605.2631,4204.8930,1010.1058
833,613.1578,515.6521,605.2631,4210.0278,1004.0932
834,608.7719,522.6087,602.6315,4215.1523,1003.4380
835,607.8947,520.0000,605.2631,4220.2880,1003.1348
836,610.5263,513.9130,608.7719,4225.4023,1003.7191
837,608.7719,513.9130,607.8947,4230.5292,1002.1206
838,608.7719,506.0869,614.9122,4235.6542,1002.4192
839,602.6315,510.4347,609.6491,4240.7768,997.6876
840,607.8947,506.9565,608.7719,4245.8154,998.5710
841,602.6315,504.3478,614.9122,4250.8686,997.8219
842,602.6315,507.8260,612.2807,4255.9184,997.9678
843,600.8771,509.5652,614.9122,4260.9682,999.4134
844,600.0000,504.3478,617.5438,4266.0190,997.8613
845,594.7368,508.6956,611.4035,4271.0415,993.1250
846,595.6140,505.2173,615.7894,4276.0810,994.5839
847,596.4912,513.9130,614.0350,4281.1254,998.4725
848,598.2456,510.4347,611.4035,4286.1660,996.1203
849,598.2456,514.7825,610.5263,4291.2099,997.8182
850,598.2456,514.7825,608.7719,4296.2553,996.7457
851,599.1228,513.9130,611.4035,4301.3115,998.4332
852,600.8771,515.6521,608.7719,4306.3437,998.7761
853,599.1228,516.5217,609.6491,4311.3798,998.7066
854,600.8771,520.8695,610.5263,4316.4106,1002.5471
855,600.8771,513.9130,607.8947,4321.5380,997.3444
856,607.0175,520.0000,610.5263,4326.5776,1005.7895
857,603.5087,522.6087,606.1403,4331.6772,1002.3716
858,600.8771,523.4782,608.7719,4336.8007,1002.8390
859,606.1403,520.8695,608.7719,4341.9296,1004.6464
860,607.0175,525.2174,604.3859,4347.0673,1004.7915
861,602.6315,524.3478,607.8947,4352.1928,1003.8134
862,599.1228,525.2174,602.6315,4357.3403,998.9826
863,595.6140,526.9565,601.7543,4362.3735,997.2700
864,598.2456,522.6087,603.5087,4367.4101,997.6174
865,595.6140,520.0000,603.5087,4372.4453,994.6752
866,593.8596,522.6087,601.7543,4377.4624,993.9302
867,599.1228,517.3912,612.2807,4382.5009,1000.7644
868,594.7368,518.2608,602.6315,4387.6201,992.7089
869,593.8596,513.0434,611.4035,4392.6547,994.8352
870,593.8596,516.5217,614.0350,4397.6875,998.2500
871,595.6140,514.7825,613.1578,4402.7172,997.8576
872,597.3684,510.4347,616.6666,4407.7509,998.8345
873,598.2456,508.6956,621.0526,4412.7910,1001.1870
874,592.9824,512.1738,618.4210,4417.9101,998.1958
875,592.1052,513.9130,617.5438,4422.9545,998.0258
876,594.7368,520.0000,615.7894,4427.9965,1001.6528
877,598.2456,511.3043,610.5263,4433.1157,996.0282
878,595.6140,517.3912,609.6491,4438.1552,997.0565
879,594.7368,523.4782,607.0175,4443.1953,998.1040
880,590.3508,529.5652,605.2631,4448.2343,997.6457
881,591.2280,528.6956,602.6315,4453.2763,996.1097
882,595.6140,521.7391,611.4035,4458.3305,1000.3909
883,592.1052,512.1738,609.6491,4463.4545,992.2614
884,590.3508,511.3043,614.0350,4468.4853,993.4713
885,586.8421,506.0869,621.0526,4473.5156,993.0830
886,586.8421,496.5217,616.6666,4478.5400,985.4924
887,586.8421,486.9565,624.5614,4483.5761,985.6912
888,587.7192,483.4782,623.6842,4488.6157,983.9447
889,585.0877,476.5217,625.4385,4493.6547,980.0888
890,587.7192,472.1739,630.7017,4498.6850,982.9277
891,590.3508,469.5652,634.2105,4503.7231,985.5093
892,592.1052,461.7391,640.3508,4508.7568,986.8338
893,595.6140,460.0000,643.8596,4513.7919,990.4096
894,596.4912,461.7391,638.5964,4518.8110,988.3371
895,592.9824,462.6087,637.7192,4523.8603,986.0633
896,595.6140,468.6956,636.8421,4528.9067,989.9492
897,592.1052,473.0434,631.5789,4533.9570,986.5347
898,596.4912,480.8695,625.4385,4538.9975,989.0453
899,600.0000,490.4347,624.5614,4544.0434,995.2905
900,600.0000,499.1304,620.1754,4549.0668,996.8694
901,599.1228,506.0869,615.7894,4554.0874,997.1303
902,596.4912,509.5652,607.8947,4559.1225,992.4688
903,601.7543,522.6087,610.5263,4564.1679,1003.9773
904,600.8771,527.8261,612.2807,4569.3164,1007.2445
905,596.4912,540.0000,607.8947,4574.4394,1008.4332
906,604.3859,539.1304,600.8771,4579.5473,1008.4628
907,595.6140,540.0000,600.8771,4584.6699,1003.6978
908,595.6140,538.2608,604.3859,4589.7778,1004.8697
909,596.4912,538.2608,607.8947,4594.9033,1007.5031
910,593.8596,539.1304,612.2807,4600.0410,1009.0681
911,592.9824,533.0434,613.1578,4605.1645,1005.8460
912,597.3684,520.8695,616.6666,4610.2929,1004.2070
913,595.6140,519.1304,622.8070,4615.4282,1006.0521
914,597.3684,512.1738,624.5614,4620.5463,1004.6134
915,600.0000,507.8260,628.0701,4625.6679,1006.1607
916,599.1228,498.2608,630.7017,4630.7700,1002.4952
917,600.8771,495.6521,630.7017,4635.8920,1002.2520
918,600.8771,492.1739,634.2105,4641.0307,1002.7520
919,599.1228,486.0869,633.3333,4646.1591,998.1682
920,602.6315,494.7826,630.7017,4651.1953,1002.8755
921,595.6140,495.6521,628.0701,4656.3417,997.4463
922,598.2456,493.9130,629.8245,4661.3740,999.2631
923,599.1228,498.2608,623.6842,4666.4101,998.0952
924,600.0000,501.7391,621.0526,4671.4379,998.7234
925,598.2456,505.2173,621.0526,4676.4521,999.4241
926,597.3684,505.2173,618.4210,4681.4833,997.2653
927,595.6140,509.5652,614.0350,4686.5175,995.7167
928,599.1228,509.5652,616.6666,4691.5488,999.4411
929,597.3684,513.9130,616.6666,4696.5810,1000.6165
930,600.8771,513.9130,616.6666,4701.7080,1002.7152
931,597.3684,513.0434,626.3157,4706.8364,1006.1481
932,599.1228,516.5217,620.1754,4711.9643,1005.1668
933,596.4912,521.7391,627.1929,4717.0957,1010.6356
934,596.4912,515.6521,623.6842,4722.2285,1005.3262
935,597.3684,520.8695,621.9298,4727.3652,1007.4476
936,598.2456,520.8695,624.5614,4732.4931,1009.5939
937,592.1052,520.8695,620.1754,4737.6181,1003.2503
938,595.6140,520.0000,628.9473,4742.7392,1010.3122
939,602.6315,518.2608,629.8245,4747.8437,1014.1193
940,595.6140,516.5217,632.4561,4752.9770,1010.7183
941,596.4912,514.7825,628.0701,4758.1137,1007.6085
942,598.2456,514.7825,630.7017,4763.2426,1010.2888
943,597.3684,506.9565,628.0701,4768.3750,1004.1544
944,599.1228,512.1738,628.0701,4773.4946,1007.8404
945,597.3684,512.1738,635.9649,4778.6098,1011.7423
946,595.6140,513.0434,628.9473,4783.7343,1006.7494
947,601.7543,513.0434,629.8245,4788.8549,1010.9406
948,600.0000,513.0434,635.0877,4793.9887,1013.1880
949,599.1228,518.2608,632.4561,4799.0957,1013.6780
950,602.6315,513.9130,627.1929,4804.2236,1010.2684
951,593.8596,519.1304,630.7017,4809.3574,1009.9259
952,597.3684,520.8695,628.0701,4814.4814,1011.2498
953,592.1052,522.6087,621.9298,4819.6020,1005.2388
954,595.6140,514.7825,622.8070,4824.7250,1003.8156
955,592.9824,521.7391,626.3157,4829.8515,1008.0234
956,596.4912,521.7391,629.8245,4834.9853,1012.2709
957,588.5964,512.1738,630.7017,4840.1240,1003.2709
958,588.5964,517.3912,626.3157,4845.2548,1003.2004
959,596.4912,520.0000,630.7017,4850.3852,1011.9221
960,592.9824,513.9130,628.0701,4855.4907,1005.0905
961,590.3508,512.1738,625.4385,4860.6093,1001.0043
962,588.5964,513.9130,628.0701,4865.7236,1002.5091
963,590.3508,513.9130,633.3333,4870.8452,1006.8425
964,592.1052,513.0434,627.1929,4875.9838,1003.5802
965,592.1052,513.0434,630.7017,4881.1113,1005.7767
966,587.7192,513.9130,627.1929,4886.2368,1001.4447
967,589.4736,515.6521,626.3157,4891.3720,1002.8199
968,592.1052,517.3912,626.3157,4896.4970,1005.2631
969,585.0877,519.1304,627.1929,4901.6157,1002.5941
970,592.9824,513.9130,621.9298,4906.7333,1001.2649
971,592.9824,520.0000,620.1754,4911.8608,1003.3173
972,590.3508,512.1738,631.5789,4916.9780,1004.8523
973,585.9649,518.2608,627.1929,4922.1137,1002.6566
974,586.8421,513.9130,623.6842,4927.2460,998.7352
975,594.7368,510.4347,623.6842,4932.2958,1001.6174
976,588.5964,514.7825,623.6842,4937.4345,1000.2144
977,587.7192,513.9130,629.8245,4942.5576,1003.0949
978,591.2280,509.5652,627.1929,4947.6821,1001.2883
979,586.8421,509.5652,624.5614,4952.8037,997.0543
980,588.5964,511.3043,630.7017,4957.8364,1002.8273
981,587.7192,512.1738,628.0701,4962.9770,1001.1035
982,588.5964,508.6956,628.9473,4968.1044,1000.3958
983,588.5964,508.6956,629.8245,4973.2402,1000.9476
984,588.5964,506.9565,631.5789,4978.3774,1001.1706
985,590.3508,505.2173,630.7017,4983.5034,1000.7714
986,592.1052,504.3478,629.8245,4988.6298,1000.8168
987,591.2280,500.0000,635.9649,4993.7524,1001.9990
988,588.5964,500.0000,640.3508,4998.8618,1003.2423
989,588.5964,498.2608,637.7192,5003.9790,1000.6975
990,590.3508,500.0000,634.2105,5009.1152,1000.3685
991,589.4736,503.4782,640.3508,5014.2285,1005.4943
992,592.1052,500.0000,630.7017,5019.3637,999.1864
993,594.7368,500.0000,635.9649,5024.3750,1004.0733
994,593.8596,501.7391,633.3333,5029.4794,1002.7574
995,592.9824,505.2173,630.7017,5034.6074,1002.3260
996,598.2456,507.8260,629.8245,5039.7338,1006.2127
997,594.7368,503.4782,628.0701,5044.8608,1000.8368
998,598.2456,504.3478,624.5614,5049.9975,1001.1700
999,595.6140,504.3478,625.4385,5055.1318,1000.1481
1000,597.3684,507.8260,622.8070,5060.2622,1001.3115
1001,598.2456,508.6956,617.5438,5065.4892,999.0142
1002,595.6140,507.8260,621.9298,5070.6088,999.7199
1003,600.8771,505.2173,622.8070,5075.7377,1002.0911
1004,600.8771,513.0434,616.6666,5080.9501,1002.2698
1005,600.0000,512.1738,616.6666,5086.1733,1001.2991
1006,593.8596,519.1304,616.6666,5091.3740,1001.2210
1007,596.4912,515.6521,613.1578,5096.5844,998.8300
1008,592.1052,517.3912,610.5263,5101.7104,995.5022
1009,590.3508,520.8695,612.2807,5106.8305,997.3499
1010,588.5964,520.8695,607.0175,5111.9672,993.0867
1011,588.5964,520.0000,609.6491,5117.0957,994.2423
1012,585.0877,521.7391,607.0175,5122.2080,991.4684
1013,583.3333,513.9130,605.2631,5127.3427,985.2552
1014,587.7192,520.8695,607.8947,5132.4658,993.1037
1015,585.0877,517.3912,607.8947,5137.5922,989.7258
1016,582.4561,516.5217,608.7719,5142.7148,988.2575
1017,585.0877,513.0434,612.2807,5147.8378,990.1660
1018,587.7192,513.9130,610.5263,5152.9614,991.0917
1019,588.5964,513.9130,612.2807,5158.0981,992.6933
1020,589.4736,514.7825,609.6491,5163.2319,992.0445
1021,588.5964,508.6956,612.2807,5168.3637,990.0023
1022,585.9649,508.6956,611.4035,5173.4790,987.8969
1023,585.9649,506.9565,618.4210,5178.6059,991.3649
1024,590.3508,506.9565,614.0350,5183.7353,991.2407
1025,585.0877,503.4782,610.5263,5188.8549,984.1546
1026,592.1052,504.3478,610.5263,5193.9882,988.7860
1027,590.3508,507.8260,610.5263,5199.1215,989.5169
1028,588.5964,504.3478,606.1403,5204.2573,983.9810
1029,591.2280,500.8695,603.5087,5209.3901,982.1628
1030,589.4736,501.7391,607.0175,5214.5146,983.7131
1031,592.1052,501.7391,607.0175,5219.6372,985.2924
1032,589.4736,502.6087,600.8771,5224.7553,980.3816
1033,589.4736,503.4782,601.7543,5229.8828,981.3653
1034,590.3508,504.3478,605.2631,5235.0234,984.4919
1035,589.4736,499.1304,604.3859,5240.1533,980.7613
1036,591.2280,498.2608,607.8947,5245.2856,983.5397
1037,589.4736,496.5217,605.2631,5250.4218,979.9778
1038,589.4736,500.8695,607.0175,5255.5468,983.2699
1039,588.5964,501.7391,602.6315,5260.6694,980.4860
1040,588.5964,501.7391,599.1228,5265.7978,978.3333
1041,590.3508,500.8695,608.7719,5270.9238,984.8795
1042,587.7192,501.7391,608.7719,5276.0644,983.7476
1043,587.7192,503.4782,602.6315,5281.2001,980.8512
1044,592.9824,511.3043,605.2631,5286.3437,989.6483
1045,592.1052,511.3043,604.3859,5291.4697,988.5864
1046,590.3508,512.1738,611.4035,5296.5922,992.2955
1047,593.8596,512.1738,606.1403,5301.7124,991.1596
1048,593.8596,513.0434,610.5263,5306.8310,994.2963
1049,597.3684,513.9130,614.0350,5311.9624,998.9968
1050,589.4736,516.5217,611.4035,5317.0966,994.0262
1051,591.2280,519.1304,607.8947,5322.2231,994.2751
1052,592.9824,520.0000,607.0175,5327.3554,995.2379
1053,596.4912,520.8695,612.2807,5332.4550,1000.9967
1054,596.4912,518.2608,609.6491,5337.6704,998.0321
1055,595.6140,515.6521,611.4035,5342.7900,997.2298
1056,601.7543,517.3912,613.1578,5347.9145,1002.8782
1057,598.2456,520.0000,615.7894,5353.1381,1003.7402
1058,596.4912,519.1304,614.0350,5358.3437,1001.1679
1059,601.7543,515.6521,614.9122,5363.5488,1003.0566
1060,595.6140,517.3912,612.2807,5368.7612,998.6678
1061,595.6140,513.9130,616.6666,5373.8852,999.5701
1062,598.2456,511.3043,621.0526,5379.0249,1002.5149
1063,592.1052,510.4347,620.1754,5384.2421,997.8726
1064,597.3684,514.7825,621.0526,5389.3769,1003.7711
1065,596.4912,512.1738,622.8070,5394.5869,1003.0017
1066,591.2280,505.2173,621.0526,5399.7924,995.2394
1067,587.7192,500.0000,628.0701,5404.9121,994.9302
1068,592.1052,505.2173,628.9473,5410.0268,1000.7037
1069,588.5964,497.3912,629.8245,5415.2475,995.2501
1070,588.5964,497.3912,630.7017,5420.3823,995.8055
1071,591.2280,504.3478,628.9473,5425.5078,999.7460
1072,595.6140,507.8260,627.1929,5430.6328,1003.0026
1073,596.4912,507.8260,627.1929,5435.8413,1003.5238
1074,597.3684,505.2173,625.4385,5441.0703,1001.6322
1075,596.4912,510.4347,627.1929,5446.2915,1004.8464
1076,597.3684,514.7825,632.4561,5451.5166,1010.8663
1077,599.1228,517.3912,624.5614,5456.7304,1008.3247
1078,601.7543,518.2608,631.5789,5461.9409,1014.6893
1079,600.8771,520.8695,627.1929,5467.1669,1012.7830
1080,598.2456,527.8261,625.4385,5472.3925,1013.7413
1081,602.6315,525.2174,626.3157,5477.6093,1015.5242
1082,602.6315,527.8261,630.7017,5482.8227,1019.5832
1083,599.1228,528.6956,620.1754,5488.0522,1011.4765
1084,601.7543,527.8261,628.9473,5493.2695,1017.9801
1085,599.1228,525.2174,626.3157,5498.4980,1013.4460
1086,597.3684,520.8695,628.0701,5503.7084,1011.2498
1087,602.6315,513.9130,630.7017,5508.9194,1012.4505
1088,600.8771,509.5652,636.8421,5514.1479,1013.0537
1089,592.9824,501.7391,636.8421,5519.3691,1004.4591
1090,595.6140,498.2608,637.7192,5524.5883,1004.8411
1091,594.7368,493.0434,642.1052,5529.8041,1004.5411
1092,592.9824,494.7826,634.2105,5535.0117,999.3303
1093,592.1052,493.0434,666.6666,5540.1425,1018.8842
1094,594.7368,491.3043,635.9649,5545.3618,999.7716
1095,596.4912,487.8260,634.2105,5550.4907,997.9974
1096,593.8596,495.6521,635.0877,5555.6181,1000.8380
1097,588.5964,498.2608,630.7017,5560.8339,996.2401
1098,588.5964,500.0000,630.7017,5565.9697,997.1110
1099,583.3333,506.9565,621.9298,5571.0869,992.0077
1100,582.4561,508.6956,622.8070,5576.2172,992.9324
1101,584.2105,512.1738,621.9298,5581.3549,995.1988
1102,585.9649,516.5217,621.0526,5586.4746,997.9257
1103,595.6140,518.2608,622.8070,5591.5966,1005.6037
1104,585.9649,525.2174,616.6666,5596.8110,999.7429
1105,581.5789,523.4782,621.0526,5601.9521,998.9844
1106,579.8245,525.2174,619.2982,5607.0864,997.7876
1107,580.7017,525.2174,621.9298,5612.2192,999.9323
1108,582.4561,526.0869,619.2982,5617.3574,999.7764
1109,579.8245,524.3478,619.2982,5622.4770,997.3302
1110,583.3333,520.8695,620.1754,5627.6005,998.0983
1111,585.9649,517.3912,620.1754,5632.7216,997.8307
1112,589.4736,520.8695,627.1929,5637.8466,1006.0593
1113,591.2280,513.9130,628.9473,5643.0693,1004.6054
1114,596.4912,516.5217,634.2105,5648.2934,1012.3336
1115,598.2456,512.1738,630.7017,5653.5156,1008.9621
1116,597.3684,513.9130,630.7017,5658.7294,1009.3266
1117,601.7543,513.0434,635.0877,5663.9462,1014.2279
1118,599.1228,515.6521,628.9473,5669.1650,1010.1584
1119,607.0175,510.4347,634.2105,5674.3867,1015.4983
1120,607.0175,513.0434,634.2105,5679.5961,1016.8120
1121,607.0175,517.3912,636.8421,5684.8002,1020.6526
1122,602.6315,516.5217,638.5964,5690.0102,1018.7075
1123,607.0175,513.9130,634.2105,5695.2285,1017.2510
1124,605.2631,517.3912,634.2105,5700.4458,1017.9686
1125,602.6315,518.2608,634.2105,5705.6586,1016.8491
1126,599.1228,515.6521,632.4561,5710.8735,1012.3468
1127,600.8771,518.2608,630.7017,5716.0991,1013.6234
1128,597.3684,520.0000,630.7017,5721.3334,1012.4395
1129,594.7368,518.2608,628.0701,5726.5283,1008.3543
1130,588.5964,512.1738,628.0701,5731.7373,1001.6187
1131,590.3508,518.2608,631.5789,5736.9448,1007.9684
1132,586.8421,509.5652,626.3157,5742.1704,998.1542
1133,585.0877,513.9130,628.9473,5747.3159,1001.0040
1134,584.2105,507.8260,627.1929,5752.5219,996.2731
1135,585.9649,514.7825,625.4385,5757.6455,999.7647
1136,583.3333,513.9130,629.8245,5762.7744,1000.5315
1137,585.9649,510.4347,625.4385,5767.9921,997.5329
1138,584.2105,515.6521,627.1929,5773.1337,1000.2850
1139,584.2105,518.2608,629.8245,5778.3554,1003.2822
1140,585.0877,518.2608,623.6842,5783.5659,999.9519
1141,585.0877,513.9130,624.5614,5788.6870,998.2540
1142,585.9649,525.2174,623.6842,5793.8085,1004.0867
1143,585.9649,524.3478,626.3157,5799.0205,1005.2695
1144,583.3333,517.3912,624.5614,5804.2397,999.0237
1145,589.4736,522.6087,621.9298,5809.3681,1003.6911
1146,588.5964,525.2174,626.3157,5814.5859,1007.2589
1147,589.4736,524.3478,621.9298,5819.7998,1004.5977
1148,588.5964,525.2174,621.9298,5825.0146,1004.5376
1149,587.7192,529.5652,620.1754,5830.2353,1005.2218
1150,588.5964,523.4782,622.8070,5835.4589,1004.1732
1151,592.1052,519.1304,618.4210,5840.6748,1001.2640
1152,588.5964,523.4782,625.4385,5845.8828,1005.8074
1153,585.9649,522.6087,622.8070,5851.1123,1002.1792
1154,588.5964,512.1738,623.6842,5856.3457,998.8743
1155,584.2105,517.3912,621.0526,5861.4682,997.3474
1156,587.7192,510.4347,621.9298,5866.5854,996.3706
1157,588.5964,520.0000,624.5614,5871.7148,1003.4554
1158,585.0877,516.5217,623.6842,5876.9106,999.0516
1159,584.2105,514.7825,625.4385,5882.0400,998.7374
1160,588.5964,510.4347,624.5614,5887.1694,998.5321
1161,585.9649,516.5217,625.4385,5892.3173,1000.6612
1162,584.2105,515.6521,620.1754,5897.5317,995.8999
1163,586.8421,517.3912,625.4385,5902.6552,1001.6240
1164,587.7192,518.2608,623.6842,5907.8701,1001.4940
1165,584.2105,524.3478,621.0526,5913.0961,1000.9739
1166,586.8421,516.5217,626.3157,5918.3232,1001.7234
1167,585.0877,516.5217,622.8070,5923.5361,998.5043
1168,585.0877,519.1304,622.8070,5928.6572,999.8562
1169,591.2280,519.1304,625.4385,5933.7783,1005.0972
1170,590.3508,520.8695,626.3157,5938.9863,1006.0272
1171,586.8421,517.3912,624.5614,5944.2094,1001.0765
1172,593.8596,520.0000,627.1929,5949.4282,1008.1866
1173,588.5964,520.8695,628.0701,5954.6206,1006.0930
1174,588.5964,515.6521,626.3157,5959.8286,1002.3045
1175,590.3508,519.1304,628.0701,5965.0546,1006.2220
1176,582.4561,515.6521,632.4561,5970.2661,1002.5731
1177,585.0877,512.1738,631.5789,5975.4926,1001.7692
1178,586.8421,510.4347,634.2105,5980.7026,1003.5687
1179,583.3333,508.6956,635.0877,5985.9204,1001.1920
1180,585.9649,507.8260,634.2105,5991.1425,1001.7310
1181,589.4736,509.5652,639.4736,5996.3701,1007.9992
1182,586.8421,509.5652,638.5964,6001.5859,1005.9054
1183,591.2280,505.2173,636.8421,6006.8051,1005.1682
1184,588.5964,509.5652,639.4736,6012.0322,1007.4865
1185,585.9649,507.8260,636.8421,6017.2539,1003.3992
1186,585.0877,500.0000,638.5964,6022.4833,1000.0665
1187,583.3333,506.0869,638.5964,6027.6713,1002.1013
1188,592.9824,505.2173,638.5964,6032.8808,1007.3124
1189,588.5964,511.3043,635.0877,6038.1088,1005.5915
1190,585.0877,505.2173,630.7017,6043.3398,997.6757
1191,587.7192,504.3478,634.2105,6048.4633,1001.0013
1192,586.8421,504.3478,630.7017,6053.6689,998.2660
1193,585.0877,506.9565,636.8421,6058.7963,1002.4472
1194,588.5964,504.3478,636.8421,6064.0126,1003.1851
1195,586.8421,506.9565,630.7017,6069.2324,999.5865
1196,588.5964,506.0869,634.2105,6074.3735,1002.3935
1197,588.5964,508.6956,636.8421,6079.5834,1005.3779
1198,591.2280,512.1738,635.9649,6084.8002,1008.1290
1199,592.9824,512.1738,627.1929,6090.0122,1003.6539
1200,593.8596,508.6956,636.8421,6095.2290,1008.4683
1201,595.6140,508.6956,630.7017,6100.4565,1005.6401
1202,595.6140,513.9130,633.3333,6105.6738,1009.9375
1203,593.8596,508.6956,635.0877,6110.8911,1007.3613
1204,596.4912,508.6956,635.9649,6116.1147,1009.4674
1205,600.0000,506.0869,634.2105,6121.3422,1009.1317
1206,596.4912,502.6087,634.2105,6126.5292,1005.3060
1207,599.1228,506.0869,639.4736,6131.7446,1011.9282
1208,601.7543,501.7391,637.7192,6136.9555,1010.2160
1209,600.0000,500.0000,636.8421,6142.1860,1007.7538
1210,601.7543,500.0000,635.0877,6147.3740,1007.6928
1211,598.2456,498.2608,634.2105,6152.5664,1004.1835
1212,602.6315,500.8695,635.0877,6157.7773,1008.6483
1213,600.0000,502.6087,638.5964,6162.9921,1010.1588
1214,597.3684,505.2173,638.5964,6168.2011,1009.9005
1215,602.6315,503.4782,632.4561,6173.4277,1008.2935
1216,603.5087,503.4782,633.3333,6178.6425,1009.3682
1217,597.3684,507.8260,636.8421,6183.8593,1010.1010
1218,600.8771,512.1738,630.7017,6189.0869,1010.5247
1219,596.4912,510.4347,632.4561,6194.3208,1008.1399
1220,598.2456,512.1738,633.3333,6199.5341,1010.6091
1221,598.2456,517.3912,629.8245,6204.7456,1011.0739
1222,599.1228,516.5217,633.3333,6209.9570,1013.3380
1223,597.3684,516.5217,630.7017,6215.1806,1010.6574
1224,600.8771,513.9130,630.7017,6220.4057,1011.4072
1225,600.8771,513.9130,633.3333,6225.6230,1013.0504
1226,593.8596,513.0434,632.4561,6230.8354,1007.9105
1227,592.1052,518.2608,631.5789,6236.0590,1008.9970
1228,594.7368,510.4347,630.7017,6241.2768,1006.0021
1229,592.9824,512.1738,632.4561,6246.4985,1006.9513
1230,591.2280,513.9130,631.5789,6251.7114,1006.2550
1231,591.2280,512.1738,628.9473,6256.9272,1003.7168
1232,593.8596,513.0434,629.8245,6262.1528,1006.2612
1233,592.1052,513.9130,627.1929,6267.3735,1004.0250
1234,588.5964,505.2173,629.8245,6272.5795,999.1843
1235,596.4912,513.0434,629.8245,6277.7041,1007.8166
1236,593.8596,510.4347,627.1929,6282.9165,1003.2865
1237,588.5964,512.1738,624.5614,6288.1440,999.4222
1238,592.9824,513.9130,626.3157,6293.2749,1003.9951
1239,593.8596,513.9130,628.9473,6298.5034,1006.1563
1240,593.8596,513.9130,628.0701,6303.7187,1005.6082
1241,595.6140,512.1738,630.7017,6308.9316,1007.4040
1242,593.8596,518.2608,625.4385,6314.1586,1006.1992
1243,599.1228,516.5217,628.9473,6319.3813,1010.6026
1244,595.6140,513.9130,628.0701,6324.5942,1006.6453
1245,594.7368,517.3912,631.5789,6329.8066,1010.0977
1246,600.0000,518.2608,628.9473,6335.0292,1012.0124
1247,597.3684,520.8695,627.1929,6340.2241,1010.7052
1248,605.2631,524.3478,628.9473,6345.4501,1018.2627
1249,595.6140,525.2174,625.4385,6350.6621,1010.8327
1250,599.1228,522.6087,628.0701,6355.8779,1013.1831
1251,599.1228,519.1304,633.3333,6361.0981,1014.6702
1252,602.6315,521.7391,627.1929,6366.3266,1014.2719
1253,600.8771,515.6521,631.5789,6371.5400,1012.8388
1254,607.8947,518.2608,632.4561,6376.7592,1018.8871
1255,607.8947,520.8695,631.5789,6381.9750,1019.6729
1256,604.3859,523.4782,633.3333,6387.2070,1020.0112
1257,607.0175,517.3912,639.4736,6392.4257,1022.2967
1258,608.7719,513.9130,634.2105,6397.6337,1018.2989
1259,614.9122,513.9130,634.2105,6402.8486,1021.9817
1260,607.0175,516.5217,632.4561,6408.0791,1017.4801
1261,609.6491,513.9130,628.9473,6413.2954,1015.5557
1262,604.3859,515.6521,632.4561,6418.5229,1015.4704
1263,608.7719,518.2608,632.4561,6423.7387,1019.4107
1264,606.1403,513.9130,635.0877,6428.9536,1017.2753
1265,601.7543,509.5652,636.8421,6434.1762,1013.5743
1266,602.6315,511.3043,633.3333,6439.4028,1012.7724
1267,605.2631,506.9565,631.5789,6444.6186,1011.0590
1268,600.0000,511.3043,630.7017,6449.8315,1009.5627
1269,600.0000,510.4347,635.9649,6455.0410,1012.4204
1270,592.9824,511.3043,632.4561,6460.2470,1006.5093
1271,595.6140,504.3478,630.7017,6465.4741,1003.4478
1272,595.6140,506.9565,630.7017,6470.6899,1004.7615
1273,593.8596,505.2173,633.3333,6475.9101,1004.5023
1274,598.2456,505.2173,630.7017,6481.1386,1005.4487
1275,595.6140,504.3478,632.4561,6486.3642,1004.5513
1276,594.7368,506.9565,638.5964,6491.5791,1009.2186
1277,595.6140,503.4782,630.7017,6496.7968,1003.0110
1278,595.6140,509.5652,635.9649,6502.0097,1009.3880
1279,591.2280,511.3043,633.3333,6507.2309,1006.0287
1280,598.2456,513.9130,636.8421,6512.4511,1013.6923
1281,595.6140,511.3043,630.7017,6517.6679,1006.9622
1282,592.1052,510.4347,630.7017,6522.8872,1004.4486
1283,596.4912,510.4347,630.7017,6528.1147,1007.0402
1284,595.6140,513.0434,630.7017,6533.3393,1007.8464
1285,596.4912,508.6956,628.9473,6538.5507,1005.0610
1286,594.7368,509.5652,630.7017,6543.7641,1005.5612
1287,592.1052,513.0434,628.0701,6548.9814,1004.1286
1288,598.2456,508.6956,630.7017,6554.1943,1007.2009
1289,598.2456,502.6087,630.7017,6559.4184,1004.1404
1290,595.6140,512.1738,634.2105,6564.6342,1009.6044
1291,595.6140,507.8260,630.7017,6569.8471,1005.2005
1292,600.8771,509.5652,634.2105,6575.0776,1011.4015
1293,599.1228,509.5652,635.0877,6580.3115,1010.9110
1294,596.4912,512.1738,636.8421,6585.5224,1011.7764
1295,601.7543,511.3043,636.8421,6590.7363,1014.4497
1296,600.8771,511.3043,635.0877,6595.9550,1012.8286
1297,598.2456,510.4347,642.9824,6601.1831,1015.8090
1298,602.6315,511.3043,640.3508,6606.4106,1017.1755
1299,601.7543,513.0434,635.9649,6611.6250,1014.7774
1300,597.3684,507.8260,637.7192,6616.8388,1010.6543
1301,600.8771,508.6956,641.2280,6622.0703,1015.3807
1302,599.1228,512.1738,642.1052,6627.2929,1016.6461
1303,603.5087,512.1738,641.2280,6632.5117,1018.6846
1304,602.6315,511.3043,639.4736,6637.7231,1016.6235
1305,599.1228,506.9565,642.1052,6642.9404,1014.0277
1306,600.0000,507.8260,641.2280,6648.1616,1014.4263
1307,600.8771,509.5652,640.3508,6653.3696,1015.2631
1308,600.0000,506.9565,641.2280,6658.5844,1013.9913
1309,600.8771,506.0869,639.4736,6663.7841,1012.9678
1310,597.3684,505.2173,635.9649,6668.9990,1008.2385
1311,594.7368,507.8260,635.9649,6674.2280,1007.9933
1312,593.8596,506.0869,636.8421,6679.4599,1007.1549
1313,592.1052,506.9565,635.0877,6684.6718,1005.4501
1314,594.7368,510.4347,635.0877,6689.8852,1008.7576
1315,592.9824,511.3043,639.4736,6695.1127,1010.9337
1316,592.1052,510.4347,638.5964,6700.3413,1009.4244
1317,594.7368,511.3043,639.4736,6705.5566,1011.9637
1318,596.4912,510.4347,637.7192,6710.7763,1011.4501
1319,591.2280,513.0434,635.0877,6715.9951,1008.0181
1320,592.9824,512.1738,636.8421,6721.2094,1009.7119
1321,592.1052,512.1738,636.8421,6726.4340,1009.1970
1322,588.5964,506.9565,633.3333,6731.6425,1002.2783
1323,595.6140,511.3043,637.7192,6736.8613,1011.3723
1324,590.3508,510.4347,634.2105,6742.0908,1005.6245
1325,589.4736,509.5652,632.4561,6747.3261,1003.5620
1326,591.2280,510.4347,630.7017,6752.5424,1003.9318
1327,586.8421,511.3043,633.3333,6757.7617,1003.4574
1328,587.7192,509.5652,634.2105,6762.9790,1003.6401
1329,590.3508,506.9565,636.8421,6768.2070,1005.5281
1330,590.3508,511.3043,635.0877,6773.4360,1006.6194
1331,585.0877,506.0869,640.3508,6778.6484,1004.2414
1332,587.7192,507.8260,630.7017,6783.8549,1000.5428
1333,592.9824,506.0869,634.2105,6789.0864,1004.9752
1334,592.9824,512.1738,631.5789,6794.3193,1006.4006
1335,591.2280,513.9130,634.2105,6799.5312,1007.9088
1336,592.9824,510.4347,632.4561,6804.7485,1006.0679
1337,592.9824,509.5652,636.8421,6809.9633,1008.3911
1338,593.8596,510.4347,630.7017,6815.1928,1005.4837
1339,596.4912,514.7825,632.4561,6820.4218,1010.3482
1340,593.8596,515.6521,634.2105,6825.6372,1010.3411
1341,595.6140,508.6956,630.7017,6830.8540,1005.6401
1342,595.6140,513.9130,635.9649,6836.0849,1011.5898
1343,598.2456,513.9130,632.4561,6841.3232,1010.9426
1344,596.4912,510.4347,633.3333,6846.5395,1008.6904
1345,595.6140,513.0434,635.0877,6851.7563,1010.5968
1346,595.6140,506.0869,631.5789,6856.9653,1004.8740
1347,594.7368,507.8260,638.5964,6862.1918,1009.6557
1348,600.8771,513.0434,635.9649,6867.4223,1014.2575
1349,590.3508,511.3043,630.7017,6872.6342,1003.8580
1350,594.7368,513.0434,630.7017,6877.8510,1007.3282
1351,595.6140,506.9565,632.4561,6883.0742,1005.8636
1352,597.3684,511.3043,628.0701,6888.3120,1006.3564
1353,591.2280,508.6956,627.1929,6893.5229,1000.8461
1354,596.4912,513.9130,630.7017,6898.7382,1008.8077
1355,594.7368,512.1738,631.5789,6903.9580,1007.4353
1356,594.7368,512.1738,630.7017,6909.1840,1006.8856
1357,600.8771,513.9130,625.4385,6914.4091,1008.1336
1358,596.4912,513.9130,628.9473,6919.6250,1007.7118
1359,594.7368,518.2608,630.7017,6924.8447,1009.9955
1360,597.3684,519.1304,631.5789,6930.0737,1012.5400
1361,599.1228,520.8695,629.8245,6935.2944,1013.3766
1362,598.2456,518.2608,628.9473,6940.5205,1010.9732
1363,601.7543,512.1738,634.2105,6945.7358,1013.2390
1364,600.8771,512.1738,628.9473,6950.9472,1009.4306
1365,600.0000,513.9130,628.9473,6956.1748,1009.7927
1366,602.6315,512.1738,626.3157,6961.3852,1008.8401
1367,596.4912,509.5652,629.8245,6966.5981,1006.0504
1368,600.8771,509.5652,628.9473,6971.8129,1008.1095
1369,595.6140,508.6956,626.3157,6977.0405,1002.8952
1370,592.1052,512.1738,629.8245,6982.2641,1004.7834
1371,599.1228,505.2173,625.4385,6987.4877,1002.6795
1372,600.0000,509.5652,628.9473,6992.7011,1007.5869
1373,598.2456,506.9565,630.7017,6997.8984,1006.3237
1374,597.3684,511.3043,632.4561,7003.1293,1009.0995
1375,600.0000,509.5652,629.8245,7008.3515,1008.1347
1376,595.6140,511.3043,628.9473,7013.5444,1005.8643
1377,599.1228,510.4347,626.3157,7018.7636,1005.8644
1378,601.7543,511.3043,629.8245,7023.9785,1010.0591
1379,599.1228,508.6956,628.0701,7029.2055,1006.0773
1380,595.6140,513.0434,627.1929,7034.4213,1005.6543
1381,596.4912,515.6521,631.5789,7039.6298,1010.2429
1382,600.8771,513.9130,631.5789,7044.8457,1011.9545
1383,595.6140,514.7825,627.1929,7050.0781,1006.5427
1384,599.1228,517.3912,629.8245,7055.3120,1011.5932
1385,600.8771,512.1738,628.9473,7060.5249,1009.4306
1386,596.4912,513.9130,631.5789,7065.7407,1009.3563
1387,597.3684,517.3912,629.8245,7070.9599,1010.5551
1388,596.4912,508.6956,629.8245,7076.1879,1005.6102
1389,597.3684,512.1738,625.4385,7081.4160,1005.1589
1390,600.8771,510.4347,631.5789,7086.6259,1010.1925
1391,601.7543,506.9565,631.5789,7091.8432,1008.9624
1392,600.0000,510.4347,626.3157,7097.0747,1006.3871
1393,600.0000,502.6087,629.8245,7102.2792,1004.6365
1394,597.3684,511.3043,630.7017,7107.4897,1008.0009
1395,598.2456,512.1738,633.3333,7112.6982,1010.6091
1396,599.1228,509.5652,629.8245,7117.9106,1007.6129
1397,599.1228,510.4347,630.7017,7123.1367,1008.6012
1398,597.3684,512.1738,630.7017,7128.3632,1008.4422
1399,601.7543,514.7825,629.8245,7133.5776,1011.8243
1400,602.6315,510.4347,628.9473,7138.7963,1009.5956
1401,597.3684,506.9565,630.7017,7144.0156,1005.8024