beacon_timestamp,local_timestamp,load_cell_reading
842344649,1171,0.877193
842754140,1581,0.877193
842855913,1671,4.385965
842957183,1772,2.631579
843059674,1874,3.508772
843163003,1981,3.508772
843265344,2080,1.754386
843675838,2491,0.000000
843776338,2601,0.877193
844290438,3106,2.631579
844392891,3221,1.754386
844697930,3513,0.877193
844902730,3721,1.754386
845211848,4027,4.385965
845399122,4221,0.877193
845401979,4229,21.052631
845408073,4236,0.000000
845410662,4243,1.754386
845413240,4250,14.035088
845416328,4258,3.508772
845517131,4332,2.631579
845621449,4451,0.000000
846131530,4947,0.000000
846235065,5061,2.631579
846338249,5153,4.385965
846543038,5361,2.631579
846745931,5571,2.631579
846850550,5666,0.877193
846950731,5766,2.631579
847053357,5881,2.631579
848486739,7302,1.754386
849101139,7917,0.877193
849408330,8232,1.754386
850434239,9250,3.508772
842344649,1171,0.877193
842754140,1581,0.877193
842855913,1671,4.385965
842957183,1772,2.631579
843059674,1874,3.508772
843163003,1981,3.508772
843265344,2080,1.754386
843675838,2491,0.000000
843776338,2601,0.877193
844290438,3106,2.631579
844392891,3221,1.754386
844697930,3513,0.877193
844902730,3721,1.754386
845211848,4027,4.385965
845399122,4221,0.877193
845401979,4229,21.052631
845408073,4236,0.000000
845410662,4243,1.754386
845413240,4250,14.035088
845416328,4258,3.508772
845517131,4332,2.631579
845621449,4451,0.000000
846131530,4947,0.000000
846235065,5061,2.631579
846338249,5153,4.385965
846543038,5361,2.631579
846745931,5571,2.631579
846850550,5666,0.877193
846950731,5766,2.631579
847053357,5881,2.631579
848486739,7302,1.754386
849101139,7917,0.877193
849408330,8232,1.754386
850434239,9250,3.508772
861491531,20308,1.754386
843163003,1981,3.508772
843265344,2080,1.754386
843675838,2491,0.000000
843776338,2601,0.877193
844290438,3106,2.631579
844392891,3221,1.754386
844697930,3513,0.877193
844902730,3721,1.754386
845211848,4027,4.385965
845399122,4221,0.877193
845401979,4229,21.052631
845408073,4236,0.000000
845410662,4243,1.754386
845413240,4250,14.035088
845416328,4258,3.508772
845517131,4332,2.631579
845621449,4451,0.000000
846131530,4947,0.000000
846235065,5061,2.631579
846338249,5153,4.385965
846543038,5361,2.631579
846745931,5571,2.631579
846850550,5666,0.877193
846950731,5766,2.631579
847053357,5881,2.631579
848486739,7302,1.754386
849101139,7917,0.877193
849408330,8232,1.754386
850434239,9250,3.508772
861491531,20308,1.754386
868249931,27067,5.263158
868352338,27172,2.631579
868454732,27272,3.508772
868557139,27374,0.877193
868659531,27482,2.631579
868720241,27538,3.508772
868761938,27582,3.508772
868864331,27681,3.508772
868966738,27784,1.754386
869069130,27892,2.631579
869171539,27988,2.631579
869274965,28092,3.508772
869376340,28202,3.508772
869478730,28296,1.754386
869581139,28398,1.754386
869685075,28512,1.754386
869786343,28603,0.000000
869888331,28706,1.754386
869990741,28822,5.263158
870093130,28912,2.631579
868659531,27482,2.631579
868720241,27538,3.508772
868761938,27582,3.508772
868864331,27681,3.508772
868966738,27784,1.754386
869069130,27892,2.631579
869171539,27988,2.631579
869274965,28092,3.508772
869376340,28202,3.508772
869478730,28296,1.754386
869581139,28398,1.754386
869685075,28512,1.754386
869786343,28603,0.000000
869888331,28706,1.754386
869990741,28822,5.263158
870093130,28912,2.631579
876851593,35669,3.508772
876953941,35772,2.631579
876970450,35788,4.385965
876983476,35802,0.000000
877056331,35874,1.754386
877158739,35977,4.385965
877261131,36092,1.754386
877363539,36182,0.877193
877467614,36285,0.877193
877568340,36402,0.877193
877670731,36492,2.631579
877773139,36591,2.631579
877875530,36693,3.508772
877977938,36802,2.631579
878080331,36898,2.631579
878182739,37000,2.631579
878285131,37112,4.385965
878387539,37205,0.877193
878489933,37308,1.754386
878592339,37422,2.631579
878694732,37512,0.000000
878797138,37615,2.631579
878899531,37732,4.385965
879001938,37822,0.000000
879106355,37924,1.754386
879206740,38025,5.263158
879309130,38132,0.877193
879411539,38229,2.631579
879513931,38332,2.631579
879616339,38442,4.385965
879718731,38536,1.754386
879821139,38639,0.877193
879923531,38752,1.754386
880025938,38844,0.000000
879309130,38132,0.877193
879411539,38229,2.631579
879513931,38332,2.631579
879616339,38442,4.385965
879718731,38536,1.754386
879821139,38639,0.877193
879923531,38752,1.754386
880025938,38844,0.000000
886784338,45613,0.877193
886886730,45705,0.877193
886989140,45808,3.508772
887091530,45923,0.877193
887193938,46013,0.877193
887297335,46116,0.000000
887398740,46233,0.000000
887501131,46320,1.754386
887603859,46423,5.263158
887707348,46533,2.631579
887808339,46627,0.877193
887910730,46729,1.754386
888013139,46843,0.877193
888115530,46934,0.877193
888177665,46997,2.631579
888212870,47033,1.754386
888215433,47040,1.754386
888218033,47047,4.385965
888220192,47054,0.000000
888222760,47061,0.000000
888320403,47143,2.631579
888423136,47242,1.754386
888526746,47345,2.631579
888628679,47453,1.754386
888731956,47551,4.385965
888832933,47652,0.000000
888934731,47763,2.631579
888955089,47774,0.000000
888970670,47790,2.631579
889037138,47863,1.754386
889139530,47958,3.508772
889241940,48061,2.631579
889285807,48105,1.754386
889291457,48112,0.877193
889344331,48163,0.877193
889446738,48273,1.754386
889549130,48368,1.754386
889651539,48470,0.877193
889753931,48583,0.000000
889856338,48675,2.631579
889958731,48793,0.877193
890061138,48883,5.263158
888934731,47763,2.631579
888955089,47774,0.000000
888970670,47790,2.631579
889037138,47863,1.754386
889139530,47958,3.508772
889241940,48061,2.631579
889285807,48105,1.754386
889291457,48112,0.877193
889344331,48163,0.877193
889446738,48273,1.754386
889549130,48368,1.754386
889651539,48470,0.877193
889753931,48583,0.000000
889856338,48675,2.631579
889958731,48793,0.877193
890061138,48883,5.263158
896921931,55741,3.508772
897024339,55844,0.877193
897126733,55953,0.000000
897229141,56048,0.000000
897331530,56163,1.754386
897433939,56253,0.877193
897536331,56356,2.631579
897638738,56473,2.631579
897741130,56563,2.631579
897843538,56663,3.508772
897945931,56765,3.508772
898048341,56873,1.754386
898150730,56970,1.754386
898253138,57073,1.754386
898355532,57183,2.631579
898457938,57277,0.877193
898560331,57380,1.754386
898662738,57493,0.000000
898765131,57585,0.877193
898867541,57687,0.877193
898969931,57793,2.631579
899072339,57892,2.631579
899174731,57994,3.508772
899277138,58103,3.508772
899379532,58199,2.631579
899481938,58301,0.877193
899585311,58413,5.263158
899688577,58508,0.877193
899790150,58610,5.263158
899878085,58698,0.000000
899891540,58711,0.877193
899901977,58733,0.877193
899993930,58823,0.877193
900096339,58916,6.140351
898765131,57585,0.877193
898867541,57687,0.877193
898969931,57793,2.631579
899072339,57892,2.631579
899174731,57994,3.508772
899277138,58103,3.508772
899379532,58199,2.631579
899481938,58301,0.877193
899585311,58413,5.263158
899688577,58508,0.877193
899790150,58610,5.263158
899878085,58698,0.000000
899891540,58711,0.877193
899901977,58733,0.877193
899993930,58823,0.877193
900096339,58916,6.140351
906854740,65675,0.877193
906957132,65783,3.508772
907059539,65880,0.877193
907161930,65982,1.754386
907264339,66093,5.263158
907366730,66187,1.754386
907469139,66289,3.508772
907571870,66403,1.754386
907676611,66497,3.508772
907777351,66598,4.385965
907879532,66713,0.000000
907981176,66803,1.754386
908084255,66905,5.263158
908185932,67006,2.631579
908288338,67113,0.877193
908390731,67211,3.508772
908493139,67313,2.631579
908595532,67423,2.631579
908697939,67519,2.631579
908800331,67621,1.754386
908902740,67733,3.508772
909005130,67826,4.385965
909107538,67928,1.754386
909209930,68043,2.631579
909312339,68133,0.877193
909414730,68235,2.631579
909517139,68353,0.000000
909553238,68374,1.754386
909580285,68403,3.508772
909619531,68453,5.263158
909721938,68543,1.754386
909824330,68645,0.877193
909926738,68763,4.385965
910029132,68853,1.754386
908800331,67621,1.754386
908902740,67733,3.508772
909005130,67826,4.385965
909107538,67928,1.754386
909209930,68043,2.631579
909312339,68133,0.877193
909414730,68235,2.631579
909517139,68353,0.000000
909553238,68374,1.754386
909580285,68403,3.508772
909619531,68453,5.263158
909721938,68543,1.754386
909824330,68645,0.877193
909926738,68763,4.385965
910029132,68853,1.754386
916787533,75608,0.877193
916889938,75713,1.754386
916992331,75814,1.754386
917094739,75923,2.631579
917197130,76018,2.631579
917299538,76133,2.631579
917401931,76223,0.000000
917504339,76326,1.754386
917606730,76433,0.877193
917709140,76530,2.631579
917811531,76633,1.754386
917913939,76743,0.877193
918016333,76838,0.000000
918118739,76953,2.631579
918221130,77043,0.877193
918323539,77145,1.754386
918357404,77183,5.263158
918360247,77191,6.140351
918425931,77247,3.508772
918528340,77363,0.000000
918630731,77453,1.754386
918733138,77554,1.754386
918835531,77657,3.508772
918937978,77763,3.508772
919040331,77861,1.754386
919142738,77964,2.631579
919245130,78073,2.631579
919347538,78169,1.754386
919449930,78271,1.754386
919552341,78383,3.508772
919656908,78478,3.508772
919757443,78579,0.877193
919859731,78693,1.754386
919961938,78783,2.631579
920064330,78886,0.877193
918360247,77191,6.140351
918425931,77247,3.508772
918528340,77363,0.000000
918630731,77453,1.754386
918733138,77554,1.754386
918835531,77657,3.508772
918937978,77763,3.508772
919040331,77861,1.754386
919142738,77964,2.631579
919245130,78073,2.631579
919347538,78169,1.754386
919449930,78271,1.754386
919552341,78383,3.508772
919656908,78478,3.508772
919757443,78579,0.877193
919859731,78693,1.754386
919961938,78783,2.631579
920064330,78886,0.877193
926925139,85747,2.631579
927029554,85851,2.631579
927130166,85964,3.508772
927232330,86054,1.754386
927334738,86157,3.508772
927437130,86274,0.877193
927539539,86364,4.385965
927641931,86464,2.631579
927744339,86566,3.508772
927846730,86674,2.631579
927949138,86771,0.877193
928051531,86874,1.754386
928153940,86984,4.385965
928256331,87079,1.754386
928358739,87181,0.877193
928461132,87294,0.000000
928563539,87386,0.000000
928665930,87504,2.631579
928768339,87594,2.631579
928870730,87693,2.631579
928973138,87795,1.754386
929075531,87904,3.508772
929177938,88000,2.631579
929280331,88102,2.631579
929382738,88214,2.631579
929485131,88307,1.754386
929587541,88409,1.754386
929689932,88524,0.877193
929792338,88614,0.877193
929894732,88717,2.631579
929997139,88834,1.754386
930099531,88924,0.877193
928256331,87079,1.754386
928358739,87181,0.877193
928461132,87294,0.000000
928563539,87386,0.000000
928665930,87504,2.631579
928768339,87594,2.631579
928870730,87693,2.631579
928973138,87795,1.754386
929075531,87904,3.508772
929177938,88000,2.631579
929280331,88102,2.631579
929382738,88214,2.631579
929485131,88307,1.754386
929587541,88409,1.754386
929689932,88524,0.877193
929792338,88614,0.877193
929894732,88717,2.631579
929997139,88834,1.754386
930099531,88924,0.877193
936857929,95681,0.877193
936960339,95783,1.754386
937062731,95894,1.754386
937165138,95988,1.754386
937267533,96090,3.508772
937369939,96204,0.877193
937472330,96295,2.631579
937574738,96398,1.754386
937677131,96514,0.000000
937779539,96602,4.385965
937881931,96705,2.631579
937984339,96814,2.631579
938086730,96910,2.631579
938189139,97012,5.263158
938291531,97124,3.508772
938393939,97217,0.877193
938598738,97424,3.508772
938701182,97524,0.877193
938804762,97644,3.508772
938905933,97734,4.385965
939009765,97833,1.754386
939110730,97934,5.263158
939214331,98044,6.140351
939315531,98138,2.631579
939417941,98241,3.508772
939520331,98354,2.631579
939622739,98446,2.631579
939725131,98548,4.385965
939827539,98664,2.631579
939929932,98754,1.754386
940006105,98844,0.000000
939009765,97833,1.754386
939110730,97934,5.263158
939214331,98044,6.140351
939315531,98138,2.631579
939417941,98241,3.508772
939520331,98354,2.631579
939622739,98446,2.631579
939725131,98548,4.385965
939827539,98664,2.631579
939929932,98754,1.754386
940006105,98844,0.000000
946790843,105614,5.263158
946895337,105724,1.754386
946995692,105819,0.877193
947099653,105923,2.631579
947200339,106034,1.754386
947211618,106041,2.631579
947214193,106049,0.000000
947217037,106056,1.754386
947219588,106063,1.754386
947222147,106070,0.877193
947224716,106077,3.508772
947304290,106128,0.877193
947405642,106234,1.754386
947507645,106331,3.508772
947609938,106434,1.754386
947712331,106544,1.754386
947814739,106639,2.631579
947918971,106743,3.508772
948019539,106854,0.000000
948121931,106946,1.754386
948224360,107048,0.877193
948326731,107164,3.508772
948429139,107254,5.263158
948531531,107355,0.000000
948633941,107458,4.385965
948736331,107564,3.508772
948838741,107662,0.877193
948941133,107765,2.631579
949043541,107874,0.877193
949145931,107970,2.631579
949248339,108074,0.877193
949350730,108174,1.754386
949453139,108277,0.000000
949555544,108384,4.385965
949657939,108482,0.000000
949760330,108584,4.385965
949862738,108694,1.754386
949965131,108789,3.508772
950067540,108891,1.754386
948941133,107765,2.631579
949043541,107874,0.877193
949145931,107970,2.631579
949248339,108074,0.877193
949350730,108174,1.754386
949453139,108277,0.000000
949555544,108384,4.385965
949657939,108482,0.000000
949760330,108584,4.385965
949862738,108694,1.754386
949965131,108789,3.508772
950067540,108891,1.754386
956826305,115651,2.631579
956928331,115754,0.877193
957030739,115855,2.631579
957133130,115958,1.754386
957235539,116064,2.631579
957337932,116163,4.385965
957440338,116265,5.263158
957542731,116374,0.000000
957645138,116470,3.508772
957747530,116584,1.754386
957849938,116674,3.508772
957952332,116777,3.508772
958054739,116894,1.754386
958157131,116984,1.754386
958259554,117084,3.508772
958361931,117186,3.508772
958464340,117294,1.754386
958566731,117391,2.631579
958669138,117493,1.754386
958771531,117604,2.631579
958874360,117700,0.877193
958977836,117802,3.508772
959079112,117914,3.508772
959182124,118007,2.631579
959284698,118109,5.263158
959385931,118224,0.000000
959488339,118314,1.754386
959589971,118415,2.631579
959592565,118422,1.754386
959595028,118429,1.754386
959597608,118437,11.403509
959600195,118444,3.508772
959693138,118518,1.754386
959795531,118620,3.508772
959897941,118725,4.385965
959953949,118779,4.385965
959972901,118798,1.754386
960000331,118825,4.385965
959488339,118314,1.754386
959589971,118415,2.631579
959592565,118422,1.754386
959595028,118429,1.754386
959597608,118437,11.403509
959600195,118444,3.508772
959693138,118518,1.754386
959795531,118620,3.508772
959897941,118725,4.385965
959953949,118779,4.385965
959972901,118798,1.754386
960000331,118825,4.385965
966760022,125585,4.385965
966863184,125695,2.631579
966965196,125790,2.631579
967066641,125892,2.631579
967168793,126005,1.754386
967270738,126096,0.000000
967373131,126198,1.754386
967478605,126315,2.631579
967577930,126405,1.754386
967680339,126506,0.000000
967782731,126608,3.508772
967885138,126715,3.508772
967987531,126813,1.754386
968089939,126915,1.754386
968192330,127025,3.508772
968294739,127120,2.631579
968499538,127325,0.000000
968601931,127427,3.508772
968705244,127545,1.754386
968806732,127635,4.385965
968909139,127734,3.508772
969011531,127837,1.754386
969059165,127885,0.000000
969061754,127892,1.754386
969067405,127899,0.000000
969069956,127906,1.754386
969072515,127914,1.754386
969075084,127921,1.754386
969113939,127939,0.000000
969216330,128055,2.631579
969318741,128145,3.508772
969421130,128247,1.754386
969523539,128365,3.508772
969625931,128455,2.631579
969728339,128554,2.631579
969830731,128656,3.508772
969933139,128765,0.877193
970035531,128861,1.754386
969011531,127837,1.754386
969059165,127885,0.000000
969061754,127892,1.754386
969067405,127899,0.000000
969069956,127906,1.754386
969072515,127914,1.754386
969075084,127921,1.754386
969113939,127939,0.000000
969216330,128055,2.631579
969318741,128145,3.508772
969421130,128247,1.754386
969523539,128365,3.508772
969625931,128455,2.631579
969728339,128554,2.631579
969830731,128656,3.508772
969933139,128765,0.877193
970035531,128861,1.754386
976793930,135620,2.631579
976903501,135735,2.631579
976998730,135825,0.000000
977101141,135927,0.877193
977203531,136035,2.631579
977305939,136132,1.754386
977408330,136234,0.877193
977510738,136345,0.000000
977613130,136439,0.877193
977715538,136555,0.000000
977817932,136645,0.877193
977920339,136746,0.877193
978022733,136865,1.754386
978125139,136955,0.000000
978227531,137054,3.508772
978329938,137165,2.631579
978432330,137259,2.631579
978534739,137361,0.000000
978637132,137475,0.877193
978748529,137575,3.508772
978841931,137668,3.508772
978944338,137785,0.877193
979046731,137875,1.754386
979149139,137976,4.385965
979251530,138078,2.631579
979353939,138185,2.631579
979456331,138283,1.754386
979558738,138385,0.877193
979662469,138495,1.754386
979767572,138594,2.631579
979866500,138693,2.631579
979968437,138805,1.754386
980070780,138897,1.754386
978329938,137165,2.631579
978432330,137259,2.631579
978534739,137361,0.000000
978637132,137475,0.877193
978748529,137575,3.508772
978841931,137668,3.508772
978944338,137785,0.877193
979046731,137875,1.754386
979149139,137976,4.385965
979251530,138078,2.631579
979353939,138185,2.631579
979456331,138283,1.754386
979558738,138385,0.877193
979662469,138495,1.754386
979767572,138594,2.631579
979866500,138693,2.631579
979968437,138805,1.754386
980070780,138897,1.754386
986829132,145656,3.508772
986931539,145765,0.000000
987033930,145861,3.508772
987137409,145975,4.385965
987239777,146067,0.877193
987341138,146168,4.385965
987443531,146285,1.754386
987545938,146375,2.631579
987649620,146477,5.263158
987752043,146595,1.754386
987853130,146685,0.000000
987955538,146782,4.385965
988057931,146885,2.631579
988160339,146995,2.631579
988262731,147090,1.754386
988365139,147192,0.877193
988467531,147305,2.631579
988569938,147397,2.631579
988672333,147499,2.631579
988774738,147615,2.631579
988877132,147705,3.508772
988979540,147807,0.877193
989081930,147925,0.000000
989184338,148015,0.877193
989287066,148114,1.754386
989389139,148216,2.631579
989491531,148325,3.508772
989593940,148422,5.263158
989696331,148523,3.508772
989798740,148635,3.508772
989901131,148728,1.754386
990003538,148831,1.754386
988672333,147499,2.631579
988774738,147615,2.631579
988877132,147705,3.508772
988979540,147807,0.877193
989081930,147925,0.000000
989184338,148015,0.877193
989287066,148114,1.754386
989389139,148216,2.631579
989491531,148325,3.508772
989593940,148422,5.263158
989696331,148523,3.508772
989798740,148635,3.508772
989901131,148728,1.754386
990003538,148831,1.754386
996761939,155590,1.754386
996864331,155705,2.631579
996966738,155795,2.631579
997069130,155897,2.631579
997171539,156016,1.754386
997273933,156106,2.631579
997376340,156204,3.508772
997478731,156306,1.754386
997581138,156416,1.754386
997683530,156511,6.140351
997785939,156614,0.000000
997888331,156726,3.508772
997990739,156819,0.877193
998093131,156921,1.754386
998195604,157036,3.508772
998297930,157126,2.631579
998400346,157228,0.877193
998502780,157346,1.754386
998512656,157353,2.631579
998515217,157360,3.508772
998520877,157367,3.508772
998606151,157434,2.631579
998707531,157546,1.754386
998809939,157638,2.631579
998912332,157740,3.508772
999014739,157856,2.631579
999117131,157946,4.385965
999219539,158048,0.000000
999321931,158166,1.754386
999424340,158256,3.508772
999526733,158355,1.754386
999629138,158457,4.385965
999733312,158566,3.508772
999833962,158662,4.385965
999936330,158764,5.263158
1000038738,158876,1.754386
998707531,157546,1.754386
998809939,157638,2.631579
998912332,157740,3.508772
999014739,157856,2.631579
999117131,157946,4.385965
999219539,158048,0.000000
999321931,158166,1.754386
999424340,158256,3.508772
999526733,158355,1.754386
999629138,158457,4.385965
999733312,158566,3.508772
999833962,158662,4.385965
999936330,158764,5.263158
1000038738,158876,1.754386
1006899531,165728,3.508772
1007001941,165846,4.385965
1007104331,165936,0.000000
1007207099,166036,3.508772
1007309130,166146,3.508772
1007411538,166240,1.754386
1007513954,166343,1.754386
1007616562,166456,2.631579
1007719368,166548,6.140351
1007821138,166650,0.877193
1007923784,166766,3.508772
1008026765,166856,3.508772
1008128330,166957,4.385965
1008230739,167076,1.754386
1008333130,167166,3.508772
1008435558,167264,1.754386
1008537931,167367,1.754386
1008640338,167476,2.631579
1008742730,167571,0.000000
1008845138,167674,3.508772
1008947531,167786,4.385965
1009049939,167879,3.508772
1009152331,167981,0.000000
1009257720,168096,5.263158
1009358901,168188,1.754386
1009459539,168288,3.508772
1009561932,168391,1.754386
1009664338,168496,3.508772
1009750374,168586,3.508772
1009752935,168593,1.754386
1009755486,168600,4.385965
1009758047,168608,0.877193
1009766731,168615,1.754386
1009869140,168698,2.631579
1009971531,168800,2.631579
1010073939,168916,4.385965
1008742730,167571,0.000000
1008845138,167674,3.508772
1008947531,167786,4.385965
1009049939,167879,3.508772
1009152331,167981,0.000000
1009257720,168096,5.263158
1009358901,168188,1.754386
1009459539,168288,3.508772
1009561932,168391,1.754386
1009664338,168496,3.508772
1009750374,168586,3.508772
1009752935,168593,1.754386
1009755486,168600,4.385965
1009758047,168608,0.877193
1009766731,168615,1.754386
1009869140,168698,2.631579
1009971531,168800,2.631579
1010073939,168916,4.385965
1016832339,175662,2.631579
1016934730,175776,3.508772
1017037139,175867,1.754386
1017139531,175969,4.385965
1017241939,176071,2.631579
1017344331,176176,2.631579
1017446738,176276,1.754386
1017549132,176379,0.000000
1017659807,176489,1.754386
1017753932,176583,2.631579
1017856339,176686,1.754386
1017958732,176796,2.631579
1018061140,176891,2.631579
1018163530,176993,4.385965
1018268008,177106,1.754386
1018368331,177198,4.385965
1018470741,177300,2.631579
1018576877,177416,1.754386
1018675538,177506,2.631579
1018782952,177613,1.754386
1018880340,177726,3.508772
1018982731,177816,2.631579
1019085138,177915,4.385965
1019187531,178017,1.754386
1019289939,178126,1.754386
1019392333,178222,0.877193
1019494739,178324,1.754386
1019597130,178436,2.631579
1019699538,178529,0.877193
1019802716,178632,2.631579
1019905358,178746,2.631579
1020009212,178839,2.631579
1018982731,177816,2.631579
1019085138,177915,4.385965
1019187531,178017,1.754386
1019289939,178126,1.754386
1019392333,178222,0.877193
1019494739,178324,1.754386
1019597130,178436,2.631579
1019699538,178529,0.877193
1019802716,178632,2.631579
1019905358,178746,2.631579
1020009212,178839,2.631579
1026765130,185595,4.385965
1026867539,185706,4.385965
1026969934,185800,2.631579
1027072342,185903,0.877193
1027174734,186016,0.000000
1027277139,186108,3.508772
1027379533,186210,2.631579
1027466707,186298,2.631579
1027472432,186305,2.631579
1027481938,186312,0.000000
1027584333,186426,10.526316
1027686738,186517,2.631579
1027789336,186620,6.140351
1027891595,186736,0.877193
1027994109,186826,4.385965
1028096340,186927,2.631579
1028198734,187029,3.508772
1028301142,187136,4.385965
1028403597,187234,0.000000
1028506439,187337,2.631579
1028608398,187446,1.754386
1028711549,187542,3.508772
1028813677,187644,0.000000
1028915571,187756,1.754386
1029017934,187848,4.385965
1029120339,187951,3.508772
1029222731,188066,1.754386
1029325138,188156,2.631579
1029427536,188258,3.508772
1029529941,188376,2.631579
1029585854,188426,1.754386
1029588441,188434,0.877193
1029591039,188441,2.631579
1029593600,188448,6.140351
1029632331,188463,3.508772
1029734738,188576,1.754386
1029837134,188668,3.508772
1029939543,188770,2.631579
1030041931,188886,0.000000
1028506439,187337,2.631579
1028608398,187446,1.754386
1028711549,187542,3.508772
1028813677,187644,0.000000
1028915571,187756,1.754386
1029017934,187848,4.385965
1029120339,187951,3.508772
1029222731,188066,1.754386
1029325138,188156,2.631579
1029427536,188258,3.508772
1029529941,188376,2.631579
1029585854,188426,1.754386
1029588441,188434,0.877193
1029591039,188441,2.631579
1029593600,188448,6.140351
1029632331,188463,3.508772
1029734738,188576,1.754386
1029837134,188668,3.508772
1029939543,188770,2.631579
1030041931,188886,0.000000
1036902788,195746,3.508772
1037005131,195836,1.754386
1037107539,195939,0.877193
1037209932,196056,2.631579
1037314648,196146,2.631579
1037414928,196246,1.754386
1037519115,196366,5.263158
1037621098,196456,4.385965
1037722201,196553,0.877193
1037825892,196657,2.631579
1037926839,196766,5.263158
1038029131,196860,0.877193
1038131538,196963,5.263158
1038233933,197076,1.754386
1038336340,197167,1.754386
1038438731,197270,3.508772
1038541139,197386,5.263158
1038643533,197476,2.631579
1038759982,197591,1.754386
1038848330,197679,1.754386
1038950738,197786,3.508772
1039053133,197884,0.000000
1039155539,197987,3.508772
1039257932,198096,4.385965
1039360339,198192,0.000000
1039565389,198397,0.877193
1039667532,198499,0.000000
1039769939,198616,3.508772
1039872332,198706,0.877193
1040002746,198836,1.754386
1038131538,196963,5.263158
1038233933,197076,1.754386
1038336340,197167,1.754386
1038438731,197270,3.508772
1038541139,197386,5.263158
1038643533,197476,2.631579
1038759982,197591,1.754386
1038848330,197679,1.754386
1038950738,197786,3.508772
1039053133,197884,0.000000
1039155539,197987,3.508772
1039257932,198096,4.385965
1039360339,198192,0.000000
1039565389,198397,0.877193
1039667532,198499,0.000000
1039769939,198616,3.508772
1039872332,198706,0.877193
1040002746,198836,1.754386
1046835532,205667,1.754386
1046937939,205776,3.508772
1047040331,205872,0.877193
1047142738,205975,4.385965
1047245131,206086,0.000000
1047347540,206180,3.508772
1047449931,206296,3.508772
1047552339,206386,2.631579
1047654732,206487,0.877193
1047757138,206589,5.263158
1047859531,206696,4.385965
1047961940,206794,3.508772
1048064331,206896,1.754386
1048166739,207006,3.508772
1048269131,207101,3.508772
1048371540,207204,5.263158
1048473933,207316,3.508772
1048576338,207409,0.000000
1048679927,207512,2.631579
1048781138,207627,3.508772
1048985938,207818,4.385965
1049088333,207927,4.385965
1049190762,208023,2.631579
1049218992,208067,2.631579
1049225615,208074,0.000000
1049294100,208126,0.877193
1049397436,208230,2.631579
1049497932,208337,3.508772
1049702731,208547,6.140351
1049805138,208637,3.508772
1049907530,208741,4.385965
1050009938,208857,5.263158
1049088333,207927,4.385965
1049190762,208023,2.631579
1049218992,208067,2.631579
1049225615,208074,0.000000
1049294100,208126,0.877193
1049397436,208230,2.631579
1049497932,208337,3.508772
1049702731,208547,6.140351
1049805138,208637,3.508772
1049907530,208741,4.385965
1050009938,208857,5.263158
1056768341,215601,3.508772
1056870731,215717,0.000000
1056973139,215806,3.508772
1057075531,215908,0.877193
1057177938,216017,2.631579
1057281844,216115,3.508772
1057382836,216216,0.000000
1057450464,216287,1.754386
1057468724,216302,3.508772
1057497771,216337,3.508772
1057588187,216427,4.385965
1057690559,216523,5.263158
1057792810,216626,2.631579
1057894731,216737,0.877193
1057999112,216832,2.631579
1058100965,216934,2.631579
1058201938,217047,2.631579
1058304526,217137,19.298246
1058406738,217240,0.000000
1058509132,217357,1.754386
1058611539,217447,2.631579
1058713931,217547,0.000000
1058816338,217649,1.754386
1058918730,217757,1.754386
1059021139,217854,3.508772
1059123531,217957,2.631579
1059225938,218067,2.631579
1059328330,218161,5.263158
1059430738,218264,1.754386
1059533323,218377,1.754386
1059600499,218434,2.631579
1059603086,218441,3.508772
1059605638,218449,1.754386
1059608218,218456,0.877193
1059636085,218469,0.000000
1059737930,218571,0.000000
1059840339,218673,4.385965
1059942731,218787,1.754386
1060045138,218878,2.631579
1058918730,217757,1.754386
1059021139,217854,3.508772
1059123531,217957,2.631579
1059225938,218067,2.631579
1059328330,218161,5.263158
1059430738,218264,1.754386
1059533323,218377,1.754386
1059600499,218434,2.631579
1059603086,218441,3.508772
1059605638,218449,1.754386
1059608218,218456,0.877193
1059636085,218469,0.000000
1059737930,218571,0.000000
1059840339,218673,4.385965
1059942731,218787,1.754386
1060045138,218878,2.631579
1066805143,225639,4.385965
1066906465,225747,2.631579
1067008340,225842,3.508772
1067047050,225887,0.877193
1067068459,225903,2.631579
1067110730,225944,6.140351
1067213164,226047,3.508772
1067315560,226157,1.754386
1067417939,226252,4.385965
1067520509,226354,7.894737
1067623601,226467,0.877193
1067725257,226559,2.631579
1067828877,226663,4.385965
1067930037,226777,4.385965
1068034172,226868,3.508772
1068135028,226969,3.508772
1068237139,227087,3.508772
1068339530,227177,3.508772
1068441939,227276,0.000000
1068646740,227480,1.754386
1068749420,227583,0.877193
1068852956,227697,0.000000
1068954073,227788,0.877193
1069056341,227890,0.000000
1069158731,228007,2.631579
1069261587,228097,0.877193
1069366188,228200,0.000000
1069465938,228300,5.263158
1069570050,228407,1.754386
1069672027,228506,1.754386
1069773873,228608,5.263158
1069875538,228717,2.631579
1069978810,228813,5.263158
1070081566,228916,1.754386
1068237139,227087,3.508772
1068339530,227177,3.508772
1068441939,227276,0.000000
1068646740,227480,1.754386
1068749420,227583,0.877193
1068852956,227697,0.000000
1068954073,227788,0.877193
1069056341,227890,0.000000
1069158731,228007,2.631579
1069261587,228097,0.877193
1069366188,228200,0.000000
1069465938,228300,5.263158
1069570050,228407,1.754386
1069672027,228506,1.754386
1069773873,228608,5.263158
1069875538,228717,2.631579
1069978810,228813,5.263158
1070081566,228916,1.754386
1076838740,235673,0.877193
1076941131,235777,1.754386
1077043540,235878,2.631579
1077145932,235980,3.508772
1077248338,236087,2.631579
1077350730,236185,2.631579
1077453139,236288,2.631579
1077555532,236397,1.754386
1077657939,236493,3.508772
1077760330,236595,0.877193
1077862738,236707,0.877193
1077965130,236800,1.754386
1078068249,236903,4.385965
1078171464,237017,3.508772
1078273401,237108,3.508772
1078375268,237210,2.631579
1078477138,237327,4.385965
1078579530,237417,4.385965
1078681940,237516,5.263158
1078784330,237619,2.631579
1078886739,237727,1.754386
1078989131,237824,3.508772
1079091540,237926,3.508772
1079193930,238037,2.631579
1079296339,238131,2.631579
1079398731,238233,3.508772
1079501155,238347,2.631579
1079603533,238438,5.263158
1079705940,238541,0.877193
1079808330,238657,4.385965
1079910738,238747,3.508772
1080013133,238848,2.631579
1078375268,237210,2.631579
1078477138,237327,4.385965
1078579530,237417,4.385965
1078681940,237516,5.263158
1078784330,237619,2.631579
1078886739,237727,1.754386
1078989131,237824,3.508772
1079091540,237926,3.508772
1079193930,238037,2.631579
1079296339,238131,2.631579
1079398731,238233,3.508772
1079501155,238347,2.631579
1079603533,238438,5.263158
1079705940,238541,0.877193
1079808330,238657,4.385965
1079910738,238747,3.508772
1080013133,238848,2.631579
1086771530,245607,3.508772
1086873939,245717,3.508772
1086976331,245812,2.631579
1087078741,245914,3.508772
1087181130,246027,2.631579
1087283538,246119,3.508772
1087385930,246221,0.000000
1087488339,246337,4.385965
1087590730,246428,0.000000
1087693139,246528,3.508772
1087795532,246631,1.754386
1087897938,246737,3.508772
1088000331,246836,3.508772
1088102739,246938,1.754386
1088205131,247047,5.263158
1088307538,247143,1.754386
1088409930,247246,1.754386
1088512339,247357,3.508772
1088614731,247450,1.754386
1088717138,247553,1.754386
1088819530,247668,0.000000
1088921939,247758,5.263158
1089024330,247860,3.508772
1089126739,247977,0.877193
1089229130,248068,0.000000
1089331539,248167,3.508772
1089433931,248269,3.508772
1089536339,248378,6.140351
1089638730,248474,5.263158
1089741138,248577,2.631579
1089843530,248688,0.000000
1089945938,248781,3.508772
1090048331,248898,0.000000
1088409930,247246,1.754386
1088512339,247357,3.508772
1088614731,247450,1.754386
1088717138,247553,1.754386
1088819530,247668,0.000000
1088921939,247758,5.263158
1089024330,247860,3.508772
1089126739,247977,0.877193
1089229130,248068,0.000000
1089331539,248167,3.508772
1089433931,248269,3.508772
1089536339,248378,6.140351
1089638730,248474,5.263158
1089741138,248577,2.631579
1089843530,248688,0.000000
1089945938,248781,3.508772
1090048331,248898,0.000000
1096806733,255643,1.754386
1096909138,255758,0.000000
1097011531,255848,3.508772
1097113939,255950,3.508772
1097216482,256068,3.508772
1097318739,256158,5.263158
1097421130,256257,0.000000
1097523540,256360,3.508772
1097625930,256468,0.000000
1097728338,256565,2.631579
1097830730,256678,0.877193
1097933138,256769,0.877193
1098035530,256872,2.631579
1098138351,256988,3.508772
1098241247,257078,1.754386
1098343868,257180,3.508772
1098446288,257298,2.631579
1098547539,257388,1.754386
1098649930,257486,4.385965
1098752338,257589,0.877193
1098854730,257698,5.263158
1098957138,257793,3.508772
1099059531,257896,2.631579
1099161940,258008,0.000000
1099264331,258101,3.508772
1099366740,258203,2.631579
1099469133,258318,0.000000
1099571538,258408,2.631579
1099673931,258510,3.508772
1099776338,258618,2.631579
1099878731,258715,2.631579
1099981139,258818,1.754386
1100083531,258928,2.631579
1097728338,256565,2.631579
1097830730,256678,0.877193
1097933138,256769,0.877193
1098035530,256872,2.631579
1098138351,256988,3.508772
1098241247,257078,1.754386
1098343868,257180,3.508772
1098446288,257298,2.631579
1098547539,257388,1.754386
1098649930,257486,4.385965
1098752338,257589,0.877193
1098854730,257698,5.263158
1098957138,257793,3.508772
1099059531,257896,2.631579
1099161940,258008,0.000000
1099264331,258101,3.508772
1099366740,258203,2.631579
1099469133,258318,0.000000
1099571538,258408,2.631579
1099673931,258510,3.508772
1099776338,258618,2.631579
1099878731,258715,2.631579
1099981139,258818,1.754386
1100083531,258928,2.631579
1106841931,265679,3.508772
1107048791,265886,0.877193
1107251530,266089,0.877193
1107354607,266191,2.631579
1107456669,266308,4.385965
1107559830,266398,2.631579
1107661633,266499,4.385965
1107763544,266600,0.877193
1107865933,266708,1.754386
1107968339,266805,3.508772
1108070730,266908,1.754386
1108173139,267018,2.631579
1108275530,267113,3.508772
1108377938,267215,3.508772
1108480331,267328,2.631579
1108582739,267420,4.385965
1108992339,267830,5.263158
1109094731,267932,1.754386
1109299530,268137,3.508772
1109401939,268239,2.631579
1109504331,268348,4.385965
1109606739,268444,2.631579
1109709131,268546,0.877193
1109811539,268658,1.754386
1109913931,268751,0.877193
1110016339,268853,1.754386
1107865933,266708,1.754386
1107968339,266805,3.508772
1108070730,266908,1.754386
1108173139,267018,2.631579
1108275530,267113,3.508772
1108377938,267215,3.508772
1108480331,267328,2.631579
1108582739,267420,4.385965
1108992339,267830,5.263158
1109094731,267932,1.754386
1109299530,268137,3.508772
1109401939,268239,2.631579
1109504331,268348,4.385965
1109606739,268444,2.631579
1109709131,268546,0.877193
1109811539,268658,1.754386
1109913931,268751,0.877193
1110016339,268853,1.754386
1116774738,275628,3.508772
1116877418,275718,1.754386
1116979541,275817,3.508772
1117081930,275920,1.754386
1117184339,276028,3.508772
1117286731,276124,2.631579
1117389139,276227,2.631579
1117491531,276338,3.508772
1117593940,276432,0.000000
1117696331,276534,1.754386
1117798738,276648,1.754386
1117901130,276739,0.000000
1118003539,276842,1.754386
1118105931,276958,2.631579
1118208339,277048,0.000000
1118310733,277149,0.000000
1118413138,277251,3.508772
1118515531,277358,0.000000
1118617939,277456,1.754386
1118720330,277558,2.631579
1118822739,277668,1.754386
1118925131,277763,2.631579
1119027539,277865,4.385965
1119129930,277978,2.631579
1119232338,278070,3.508772
1119334734,278173,0.000000
1119437139,278288,0.877193
1119539530,278378,1.754386
1119641938,278480,0.000000
1119744330,278598,0.000000
1119950372,278798,1.754386
1120051539,278889,1.754386
1118515531,277358,0.000000
1118617939,277456,1.754386
1118720330,277558,2.631579
1118822739,277668,1.754386
1118925131,277763,2.631579
1119027539,277865,4.385965
1119129930,277978,2.631579
1119232338,278070,3.508772
1119334734,278173,0.000000
1119437139,278288,0.877193
1119539530,278378,1.754386
1119641938,278480,0.000000
1119744330,278598,0.000000
1119950372,278798,1.754386
1120051539,278889,1.754386
1126809938,285649,2.631579
1126912331,285758,0.000000
1127014739,285854,2.631579
1127117131,285968,1.754386
1127219539,286058,0.000000
1127322077,286161,0.877193
1127424339,286268,1.754386
1127526731,286365,2.631579
1127629164,286468,2.631579
1127731813,286578,0.877193
1127854378,286708,2.631579
1127936330,286775,0.000000
1128038738,286888,1.754386
1128141132,286980,0.877193
1128243541,287082,2.631579
1128347226,287198,1.754386
1128448340,287289,0.877193
1128550872,287390,2.631579
1128655017,287494,4.385965
1128858013,287697,2.631579
1128960834,287809,2.631579
1129062739,287902,1.754386
1129165131,288004,5.263158
1129181078,288039,3.508772
1129183667,288046,1.754386
1129189327,288053,0.877193
1129270098,288109,3.508772
1129369932,288209,1.754386
1129472339,288319,1.754386
1129574730,288414,2.631579
1129677138,288516,0.000000
1129779530,288629,2.631579
1129881939,288721,1.754386
1129984330,288823,2.631579
1130086739,288939,0.000000
1129062739,287902,1.754386
1129165131,288004,5.263158
1129181078,288039,3.508772
1129183667,288046,1.754386
1129189327,288053,0.877193
1129270098,288109,3.508772
1129369932,288209,1.754386
1129472339,288319,1.754386
1129574730,288414,2.631579
1129677138,288516,0.000000
1129779530,288629,2.631579
1129881939,288721,1.754386
1129984330,288823,2.631579
1130086739,288939,0.000000
1136845138,295685,3.508772
1136947530,295787,3.508772
1137049940,295899,2.631579
1137152331,295992,1.754386
1137254740,296094,2.631579
1137357131,296209,0.877193
1137459539,296299,3.508772
1137561931,296402,2.631579
1137664338,296519,2.631579
1137766731,296609,0.000000
1137869139,296709,1.754386
1137971531,296819,0.000000
1138073939,296913,3.508772
1138176729,297029,2.631579
1138278738,297119,3.508772
1138381144,297221,2.631579
1138483538,297339,4.385965
1138585931,297429,0.877193
1138688338,297528,1.754386
1138790731,297631,2.631579
1138893138,297739,3.508772
1138995533,297835,3.508772
1139097939,297938,3.508772
1139200330,298049,3.508772
1139302739,298142,4.385965
1139405700,298245,1.754386
1139507539,298359,0.877193
1139609933,298450,2.631579
1139616007,298457,0.877193
1139618597,298464,2.631579
1139621184,298471,3.508772
1139623743,298478,0.877193
1139713295,298553,3.508772
1139814730,298654,2.631579
1139917381,298769,1.754386
1140019531,298860,1.754386
1138790731,297631,2.631579
1138893138,297739,3.508772
1138995533,297835,3.508772
1139097939,297938,3.508772
1139200330,298049,3.508772
1139302739,298142,4.385965
1139405700,298245,1.754386
1139507539,298359,0.877193
1139609933,298450,2.631579
1139616007,298457,0.877193
1139618597,298464,2.631579
1139621184,298471,3.508772
1139623743,298478,0.877193
1139713295,298553,3.508772
1139814730,298654,2.631579
1139917381,298769,1.754386
1140019531,298860,1.754386
1146777930,305618,2.631579
1146880338,305729,4.385965
1146982731,305823,3.508772
1147085138,305926,0.877193
1147187532,306039,2.631579
1147289938,306130,3.508772
1147392331,306233,0.000000
1147494741,306335,2.631579
1147597130,306439,0.877193
1147699539,306540,1.754386
1147803587,306659,2.631579
1147904339,306749,2.631579
1148006730,306847,3.508772
1148109140,306949,4.385965
1148211531,307059,2.631579
1148313938,307154,5.263158
1148416330,307257,1.754386
1148518738,307369,2.631579
1148621185,307462,2.631579
1148725518,307566,1.754386
1148826793,307679,0.000000
1148928340,307769,0.877193
1149031498,307872,2.631579
1149133139,307989,0.877193
1149235532,308079,0.000000
1149337939,308179,1.754386
1149440331,308281,1.754386
1149542741,308389,2.631579
1149645130,308486,0.877193
1149747538,308588,0.000000
1149849931,308699,2.631579
1149952339,308793,1.754386
1150054733,308895,1.754386
1148725518,307566,1.754386
1148826793,307679,0.000000
1148928340,307769,0.877193
1149031498,307872,2.631579
1149133139,307989,0.877193
1149235532,308079,0.000000
1149337939,308179,1.754386
1149440331,308281,1.754386
1149542741,308389,2.631579
1149645130,308486,0.877193
1149747538,308588,0.000000
1149849931,308699,2.631579
1149952339,308793,1.754386
1150054733,308895,1.754386
1156817802,315659,2.631579
1156915540,315757,1.754386
1157017933,315859,2.631579
1157120340,315969,1.754386
1157222730,316064,2.631579
1157325138,316166,4.385965
1157427531,316279,0.877193
1157529939,316371,0.877193
1157632331,316474,6.140351
1157734738,316589,2.631579
1157837131,316679,2.631579
1157939539,316781,0.877193
1158042855,316899,2.631579
1158045011,316906,1.754386
1158053124,316914,3.508772
1158055683,316921,2.631579
1158144339,316986,0.877193
1158246732,317099,1.754386
1158349139,317190,0.000000
1158452386,317294,0.000000
1158553938,317409,1.754386
1158656331,317499,2.631579
1158758765,317600,0.000000
1158861131,317702,0.877193
1158963538,317809,0.877193
1159065930,317907,4.385965
1159168338,318010,0.877193
1159270731,318119,2.631579
1159373140,318215,0.000000
1159475537,318317,2.631579
1159577939,318429,1.754386
1159680330,318522,0.877193
1159782738,318624,0.877193
1159885461,318739,2.631579
1159987540,318829,4.385965
1160089930,318931,1.754386
1158452386,317294,0.000000
1158553938,317409,1.754386
1158656331,317499,2.631579
1158758765,317600,0.000000
1158861131,317702,0.877193
1158963538,317809,0.877193
1159065930,317907,4.385965
1159168338,318010,0.877193
1159270731,318119,2.631579
1159373140,318215,0.000000
1159475537,318317,2.631579
1159577939,318429,1.754386
1159680330,318522,0.877193
1159782738,318624,0.877193
1159885461,318739,2.631579
1159987540,318829,4.385965
1160089930,318931,1.754386
1166848331,325690,2.631579
1166950739,325799,1.754386
1167053601,325896,3.508772
1167155539,325997,3.508772
1167204920,326048,1.754386
1167257933,326100,3.508772
1167360505,326209,3.508772
1167462732,326305,2.631579
1167565138,326407,0.877193
1167668025,326519,4.385965
1167769938,326612,1.754386
1167872330,326714,1.754386
1167974740,326830,1.754386
1168077131,326919,2.631579
1168179539,327022,1.754386
1168281931,327140,0.877193
1168384339,327230,2.631579
1168486751,327329,3.508772
1168589139,327431,3.508772
1168691530,327540,2.631579
1168793939,327636,0.877193
1168896332,327738,0.000000
1168998738,327850,0.877193
1169101131,327943,2.631579
1169203538,328046,0.000000
1169305930,328160,1.754386
1169408338,328251,2.631579
1169510731,328353,1.754386
1169613138,328470,0.877193
1169715531,328560,0.877193
1169817939,328660,0.000000
1169920332,328763,1.754386
1170022739,328870,3.508772
1169817939,328660,0.000000
1169920332,328763,1.754386
1170022739,328870,3.508772
1176883532,335726,0.877193
1176985938,335840,0.877193
1177088331,335931,0.000000
1177192509,336050,0.000000
1177204371,336057,0.877193
1177206958,336064,0.877193
1177209509,336071,2.631579
1177212071,336078,3.508772
1177293131,336136,2.631579
1177395539,336250,3.508772
1177497931,336341,2.631579
1177600339,336443,1.754386
1177702731,336560,0.000000
1177805139,336648,1.754386
1177907531,336750,0.877193
1178009941,336860,2.631579
1178112331,336955,0.877193
1178214738,337058,2.631579
1178317131,337170,1.754386
1178419538,337263,3.508772
1178466219,337310,0.000000
1178484458,337328,4.385965
1178521931,337365,0.877193
1178624340,337467,3.508772
1178726730,337580,2.631579
1178829340,337673,0.877193
1178931530,337775,1.754386
1179033938,337890,4.385965
1179136331,337980,3.508772
1179238739,338082,0.877193
1179341131,338184,3.508772
1179443541,338290,0.877193
1179545931,338389,3.508772
1179596294,338440,4.385965
1179598852,338447,2.631579
1179601430,338454,6.140351
1179603992,338461,5.263158
1179648340,338500,2.631579
1179750731,338594,1.754386
1179853138,338696,2.631579
1179892585,338736,0.877193
1179895146,338744,0.877193
1179897714,338751,3.508772
1179900281,338758,1.754386
1179902868,338765,2.631579
1179955667,338799,2.631579
1180059462,338910,2.631579
1179601430,338454,6.140351
1179603992,338461,5.263158
1179648340,338500,2.631579
1179750731,338594,1.754386
1179853138,338696,2.631579
1179892585,338736,0.877193
1179895146,338744,0.877193
1179897714,338751,3.508772
1179900281,338758,1.754386
1179902868,338765,2.631579
1179955667,338799,2.631579
1180059462,338910,2.631579
1186816338,345660,1.754386
1186918730,345762,0.877193
1187021139,345870,3.508772
1187123531,345968,2.631579
1187165605,346010,5.263158
1187186302,346031,2.631579
1187225939,346070,0.877193
1187328331,346172,6.140351
1187430740,346280,1.754386
1187499941,346344,5.263158
1187505603,346351,1.754386
1187508154,346358,0.877193
1187510734,346366,1.754386
1187513312,346373,3.508772
1187533131,346380,1.754386
1187635539,346479,1.754386
1187737931,346582,0.000000
1187840340,346690,5.263158
1187944871,346789,0.877193
1188250406,347110,1.754386
1188352331,347200,2.631579
1188454739,347298,3.508772
1188557130,347401,2.631579
1188659538,347510,1.754386
1188761931,347606,2.631579
1188864339,347708,4.385965
1188966730,347820,1.754386
1189069139,347913,2.631579
1189171531,348015,1.754386
1189273939,348130,0.877193
1189376333,348220,4.385965
1189478739,348323,3.508772
1189581131,348440,0.000000
1189683539,348530,3.508772
1189785931,348630,3.508772
1189888339,348732,0.000000
1189990731,348840,0.000000
1190093139,348937,1.754386
1188352331,347200,2.631579
1188454739,347298,3.508772
1188557130,347401,2.631579
1188659538,347510,1.754386
1188761931,347606,2.631579
1188864339,347708,4.385965
1188966730,347820,1.754386
1189069139,347913,2.631579
1189171531,348015,1.754386
1189273939,348130,0.877193
1189376333,348220,4.385965
1189478739,348323,3.508772
1189581131,348440,0.000000
1189683539,348530,3.508772
1189785931,348630,3.508772
1189888339,348732,0.000000
1189990731,348840,0.000000
1190093139,348937,1.754386
1196851539,355696,0.877193
1196953931,355810,3.508772
1197056338,355901,1.754386
1197158732,356003,0.877193
1197261139,356120,1.754386
1197363531,356210,1.754386
1197465938,356310,0.877193
1197568333,356413,0.877193
1197670738,356520,3.508772
1197773265,356618,3.508772
1197875543,356720,2.631579
1197977930,356830,0.877193
1198080338,356925,1.754386
1198182730,357028,2.631579
1198285139,357140,4.385965
1198387532,357232,1.754386
1198489939,357335,0.877193
1198592331,357450,3.508772
1198694739,357540,14.035088
1198797133,357642,2.631579
1198899540,357760,4.385965
1199001931,357850,3.508772
1199104338,357949,2.631579
1199206732,358051,2.631579
1199309139,358160,2.631579
1199411531,358256,0.877193
1199513938,358359,2.631579
1199616331,358470,3.508772
1199718739,358563,3.508772
1199821131,358666,0.000000
1199923539,358780,1.754386
1200025933,358871,1.754386
1198797133,357642,2.631579
1198899540,357760,4.385965
1199001931,357850,3.508772
1199104338,357949,2.631579
1199206732,358051,2.631579
1199309139,358160,2.631579
1199411531,358256,0.877193
1199513938,358359,2.631579
1199616331,358470,3.508772
1199718739,358563,3.508772
1199821131,358666,0.000000
1199923539,358780,1.754386
1200025933,358871,1.754386
1206886739,365732,0.000000
1206989131,365840,2.631579
1207091541,365937,1.754386
1207193930,366039,3.508772
1207296341,366150,1.754386
1207398730,366244,0.877193
1207501140,366346,0.877193
1207603530,366460,2.631579
1207705939,366551,3.508772
1207808331,366654,3.508772
1207910806,366770,1.754386
1208013131,366860,2.631579
1208115608,366961,3.508772
1208217930,367063,0.877193
1208320339,367170,0.877193
1208422733,367268,0.877193
1208525139,367371,1.754386
1208627530,367480,0.000000
1208729939,367576,1.754386
1208832331,367678,0.877193
1208934740,367790,0.877193
1209037133,367883,5.263158
1209139539,367985,0.877193
1209241931,368100,3.508772
1209344344,368190,1.754386
1209357405,368203,3.508772
1209360254,368210,4.385965
1209362832,368218,3.508772
1209365391,368225,2.631579
1209367943,368232,3.508772
1209446731,368292,0.877193
1209550751,368396,0.000000
1209652274,368510,4.385965
1209755668,368601,1.754386
1209858259,368704,3.508772
1209960116,368820,4.385965
1210061185,368910,2.631579
1208934740,367790,0.877193
1209037133,367883,5.263158
1209139539,367985,0.877193
1209241931,368100,3.508772
1209344344,368190,1.754386
1209357405,368203,3.508772
1209360254,368210,4.385965
1209362832,368218,3.508772
1209365391,368225,2.631579
1209367943,368232,3.508772
1209446731,368292,0.877193
1209550751,368396,0.000000
1209652274,368510,4.385965
1209755668,368601,1.754386
1209858259,368704,3.508772
1209960116,368820,4.385965
1210061185,368910,2.631579
1216819530,375666,2.631579
1216923930,375770,0.000000
1217025889,375872,0.000000
1217128363,375980,3.508772
1217229668,376076,0.877193
1217331539,376178,4.385965
1217434123,376290,0.877193
1217536339,376383,3.508772
1217638731,376485,1.754386
1217741139,376600,0.000000
1217843533,376690,6.140351
1217945983,376792,0.000000
1218048331,376900,1.754386
1218150738,376997,3.508772
1218255357,377102,2.631579
1218355540,377210,2.631579
1218457931,377304,2.631579
1218560339,377407,2.631579
1218662730,377520,0.000000
1218765138,377612,0.877193
1218867531,377714,4.385965
1218969939,377820,0.877193
1219072331,377919,4.385965
1219174739,378021,0.000000
1219277131,378130,0.000000
1219379538,378226,3.508772
1219481931,378328,0.877193
1219584339,378440,5.263158
1219687856,378534,3.508772
1219789138,378636,2.631579
1219891531,378750,0.877193
1219993939,378840,0.877193
1220096332,378943,3.508772
1218355540,377210,2.631579
1218457931,377304,2.631579
1218560339,377407,2.631579
1218662730,377520,0.000000
1218765138,377612,0.877193
1218867531,377714,4.385965
1218969939,377820,0.877193
1219072331,377919,4.385965
1219174739,378021,0.000000
1219277131,378130,0.000000
1219379538,378226,3.508772
1219481931,378328,0.877193
1219584339,378440,5.263158
1219687856,378534,3.508772
1219789138,378636,2.631579
1219891531,378750,0.877193
1219993939,378840,0.877193
1220096332,378943,3.508772
1226854730,385702,2.631579
1226957139,385811,0.877193
1227059531,385907,0.000000
1227161939,386009,3.508772
1227264332,386121,0.877193
1227366739,386214,0.877193
1227469131,386316,4.385965
1227571539,386431,3.508772
1227673932,386521,2.631579
1227776342,386623,1.754386
1227880576,386741,3.508772
1227981139,386831,1.754386
1228083531,386931,2.631579
1228185939,387033,0.877193
1228288331,387141,0.000000
1228390738,387238,0.000000
1228493130,387341,0.877193
1228595539,387451,0.877193
1228697931,387545,3.508772
1228800341,387648,3.508772
1228902730,387761,3.508772
1229005138,387852,1.754386
1229107532,387955,0.877193
1229209940,388071,4.385965
1229312331,388161,0.877193
1229414738,388262,0.877193
1229517131,388381,1.754386
1229619538,388471,2.631579
1229721931,388569,3.508772
1229824339,388672,2.631579
1229926778,388781,0.000000
1230029138,388876,2.631579
1228697931,387545,3.508772
1228800341,387648,3.508772
1228902730,387761,3.508772
1229005138,387852,1.754386
1229107532,387955,0.877193
1229209940,388071,4.385965
1229312331,388161,0.877193
1229414738,388262,0.877193
1229517131,388381,1.754386
1229619538,388471,2.631579
1229721931,388569,3.508772
1229824339,388672,2.631579
1229926778,388781,0.000000
1230029138,388876,2.631579
1236787541,395651,4.385965
1236889930,395741,4.385965
1236992338,395840,2.631579
1237094731,395951,5.263158
1237197138,396045,3.508772
1237299531,396147,4.385965
1237401939,396261,1.754386
1237504330,396352,1.754386
1237606738,396455,0.877193
1237709131,396571,1.754386
1237811538,396661,0.877193
1237913930,396762,3.508772
1238016338,396881,2.631579
1238118730,396971,4.385965
1238221139,397069,4.385965
1238324096,397172,0.000000
1238427414,397281,3.508772
1238528331,397376,5.263158
1238630827,397479,2.631579
1238733327,397591,1.754386
1238835547,397683,3.508772
1238937931,397786,1.754386
1239040338,397901,0.877193
1239142733,397991,1.754386
1239245140,398093,0.877193
1239347532,398211,3.508772
1239427915,398277,1.754386
1239433199,398284,3.508772
1239439734,398291,2.631579
1239452241,398300,3.508772
1239552331,398401,2.631579
1239654739,398503,1.754386
1239757131,398611,4.385965
1239859541,398708,1.754386
1239961931,398810,0.000000
1240064339,398913,6.140351
1238630827,397479,2.631579
1238733327,397591,1.754386
1238835547,397683,3.508772
1238937931,397786,1.754386
1239040338,397901,0.877193
1239142733,397991,1.754386
1239245140,398093,0.877193
1239347532,398211,3.508772
1239427915,398277,1.754386
1239433199,398284,3.508772
1239439734,398291,2.631579
1239452241,398300,3.508772
1239552331,398401,2.631579
1239654739,398503,1.754386
1239757131,398611,4.385965
1239859541,398708,1.754386
1239961931,398810,0.000000
1240064339,398913,6.140351
1246925131,405774,3.508772
1247027539,405891,0.000000
1247129932,405981,2.631579
1247234960,406084,3.508772
1247334731,406183,0.877193
1247437138,406291,1.754386
1247539530,406388,1.754386
1247641939,406491,3.508772
1247744331,406601,1.754386
1247846739,406695,1.754386
1247949866,406799,5.263158
1248051539,406911,1.754386
1248153930,407003,2.631579
1248256339,407105,5.263158
1248358731,407221,0.000000
1248462189,407311,1.754386
1248563531,407412,0.000000
1248665938,407521,0.877193
1248768330,407617,0.877193
1248870739,407720,3.508772
1248973131,407831,3.508772
1249075539,407925,0.877193
1249177931,408027,3.508772
1249282417,408141,5.263158
1249382731,408232,2.631579
1249485138,408334,1.754386
1249589337,408451,0.877193
1249690358,408541,0.000000
1249794364,408643,0.000000
1249895449,408744,3.508772
1249997160,408851,3.508772
1250099538,408948,0.877193
1248256339,407105,5.263158
1248358731,407221,0.000000
1248462189,407311,1.754386
1248563531,407412,0.000000
1248665938,407521,0.877193
1248768330,407617,0.877193
1248870739,407720,3.508772
1248973131,407831,3.508772
1249075539,407925,0.877193
1249177931,408027,3.508772
1249282417,408141,5.263158
1249382731,408232,2.631579
1249485138,408334,1.754386
1249589337,408451,0.877193
1249690358,408541,0.000000
1249794364,408643,0.000000
1249895449,408744,3.508772
1249997160,408851,3.508772
1250099538,408948,0.877193
1256857940,415711,1.754386
1256960330,415810,1.754386
1257062800,415913,1.754386
1257165130,416021,3.508772
1257267538,416117,1.754386
1257370541,416220,1.754386
1257472339,416331,2.631579
1257574735,416424,5.263158
1257678175,416528,1.754386
1257782191,416641,0.877193
1257882261,416732,0.877193
1257984333,416834,4.385965
1258086738,416941,0.000000
1258189132,417039,4.385965
1258291539,417151,2.631579
1258393930,417244,0.877193
1258509151,417371,2.631579
1258599730,417461,0.000000
1258701990,417552,1.754386
1258803608,417653,3.508772
1258907099,417771,2.631579
1259008431,417858,4.385965
1259213534,418064,0.877193
1259315555,418165,5.263158
1259417930,418281,2.631579
1259520338,418371,1.754386
1259624151,418474,3.508772
1259725139,418591,1.754386
1259827532,418681,0.877193
1259931277,418781,5.263158
1260032331,418882,3.508772
1258509151,417371,2.631579
1258599730,417461,0.000000
1258701990,417552,1.754386
1258803608,417653,3.508772
1258907099,417771,2.631579
1259008431,417858,4.385965
1259213534,418064,0.877193
1259315555,418165,5.263158
1259417930,418281,2.631579
1259520338,418371,1.754386
1259624151,418474,3.508772
1259725139,418591,1.754386
1259827532,418681,0.877193
1259931277,418781,5.263158
1260032331,418882,3.508772
1266791573,425642,1.754386
1266893887,425744,0.877193
1266995554,425852,2.631579
1267097940,425948,0.877193
1267200330,426051,3.508772
1267271364,426123,0.000000
1267284252,426135,1.754386
1267302739,426153,4.385965
1267405131,426262,1.754386
1267507916,426358,3.508772
1267609931,426460,2.631579
1267712391,426572,4.385965
1267814877,426665,1.754386
1267917139,426767,4.385965
1268019530,426882,3.508772
1268121938,426972,3.508772
1268224331,427075,5.263158
1268326739,427192,0.000000
1268429130,427282,3.508772
1268531539,427384,3.508772
1268633931,427484,0.000000
1268736338,427592,0.877193
1268838731,427690,2.631579
1268941139,427792,2.631579
1269043533,427902,0.877193
1269145939,427997,2.631579
1269248921,428099,0.877193
1269353509,428212,0.000000
1269453131,428304,3.508772
1269555539,428406,1.754386
1269657931,428522,4.385965
1269760339,428612,3.508772
1269862731,428713,2.631579
1269965138,428832,3.508772
1270067811,428922,2.631579
1268326739,427192,0.000000
1268429130,427282,3.508772
1268531539,427384,3.508772
1268633931,427484,0.000000
1268736338,427592,0.877193
1268838731,427690,2.631579
1268941139,427792,2.631579
1269043533,427902,0.877193
1269145939,427997,2.631579
1269248921,428099,0.877193
1269353509,428212,0.000000
1269453131,428304,3.508772
1269555539,428406,1.754386
1269657931,428522,4.385965
1269760339,428612,3.508772
1269862731,428713,2.631579
1269965138,428832,3.508772
1270067811,428922,2.631579
1276825931,435677,2.631579
1276928338,435792,3.508772
1277030732,435882,2.631579
1277133139,435984,1.754386
1277235531,436102,1.754386
1277337939,436192,5.263158
1277440335,436291,1.754386
1277543265,436395,1.754386
1277645130,436502,3.508772
1277747539,436599,2.631579
1277849930,436701,0.000000
1277952339,436812,1.754386
1278054730,436906,3.508772
1278157138,437009,2.631579
1278259531,437122,0.000000
1278361939,437213,0.877193
1278464331,437316,0.877193
1278567054,437432,1.754386
1278669131,437522,1.754386
1278771539,437623,1.754386
1278873981,437726,3.508772
1278976339,437832,0.000000
1279078731,437930,16.666666
1279181138,438033,3.508772
1279283530,438142,3.508772
1279385939,438237,3.508772
1279489131,438341,6.140351
1279592573,438452,1.754386
1279693131,438545,1.754386
1279795539,438647,2.631579
1279897931,438762,0.000000
1280000339,438852,1.754386
1278567054,437432,1.754386
1278669131,437522,1.754386
1278771539,437623,1.754386
1278873981,437726,3.508772
1278976339,437832,0.000000
1279078731,437930,16.666666
1279181138,438033,3.508772
1279283530,438142,3.508772
1279385939,438237,3.508772
1279489131,438341,6.140351
1279592573,438452,1.754386
1279693131,438545,1.754386
1279795539,438647,2.631579
1279897931,438762,0.000000
1280000339,438852,1.754386
1286758738,445611,0.877193
1286861131,445722,3.508772
1286963618,445816,3.508772
1287065930,445918,2.631579
1287168339,446032,0.000000
1287270731,446123,4.385965
1287373139,446225,4.385965
1287475530,446332,0.877193
1287577986,446430,2.631579
1287680392,446533,0.877193
1287782780,446642,0.877193
1287885130,446737,1.754386
1287987538,446840,5.263158
1288089932,446952,0.877193
1288192339,447045,0.000000
1288294731,447147,0.877193
1288397138,447262,1.754386
1288499531,447352,3.508772
1288601939,447454,2.631579
1288704331,447572,1.754386
1288806739,447662,3.508772
1288909131,447761,0.000000
1289011539,447864,6.140351
1289114249,447972,0.877193
1289119229,447979,6.140351
1289130371,447987,2.631579
1289216340,448072,2.631579
1289318731,448171,3.508772
1289421140,448274,0.000000
1289523532,448382,3.508772
1289625940,448478,0.877193
1289728360,448581,1.754386
1289831553,448692,2.631579
1289933130,448785,0.000000
1290037207,448890,1.754386
1288601939,447454,2.631579
1288704331,447572,1.754386
1288806739,447662,3.508772
1288909131,447761,0.000000
1289011539,447864,6.140351
1289114249,447972,0.877193
1289119229,447979,6.140351
1289130371,447987,2.631579
1289216340,448072,2.631579
1289318731,448171,3.508772
1289421140,448274,0.000000
1289523532,448382,3.508772
1289625940,448478,0.877193
1289728360,448581,1.754386
1289831553,448692,2.631579
1289933130,448785,0.000000
1290037207,448890,1.754386
1296793938,455652,2.631579
1296896332,455749,1.754386
1296998738,455852,2.631579
1297101157,455962,0.000000
1297203539,456057,2.631579
1297305930,456172,2.631579
1297408339,456262,0.877193
1297510734,456364,1.754386
1297613564,456482,2.631579
1297715854,456572,2.631579
1297817938,456671,3.508772
1297920330,456773,2.631579
1298022739,456882,4.385965
1298125131,456978,0.877193
1298227538,457081,2.631579
1298329930,457192,2.631579
1298432338,457285,2.631579
1298534730,457388,3.508772
1298637140,457502,2.631579
1298739533,457592,3.508772
1298841939,457695,0.877193
1298944330,457812,2.631579
1299046739,457902,1.754386
1299149130,458002,24.561403
1299253795,458122,0.877193
1299355125,458212,2.631579
1299456866,458310,0.000000
1299558808,458412,0.000000
1299661367,458522,2.631579
1299763530,458617,1.754386
1299865966,458719,4.385965
1299968331,458832,5.263158
1300070740,458924,1.754386
1298534730,457388,3.508772
1298637140,457502,2.631579
1298739533,457592,3.508772
1298841939,457695,0.877193
1298944330,457812,2.631579
1299046739,457902,1.754386
1299149130,458002,24.561403
1299253795,458122,0.877193
1299355125,458212,2.631579
1299456866,458310,0.000000
1299558808,458412,0.000000
1299661367,458522,2.631579
1299763530,458617,1.754386
1299865966,458719,4.385965
1299968331,458832,5.263158
1300070740,458924,1.754386
1306829139,465683,0.000000
1306931531,465785,3.508772
1307033939,465893,2.631579
1307136331,465990,1.754386
1307238739,466093,0.877193
1307341131,466203,0.000000
1307443538,466297,3.508772
1307545988,466413,0.877193
1307648338,466503,0.000000
1307750731,466604,0.000000
1307853149,466713,1.754386
1307955560,466809,0.000000
1308058153,466912,3.508772
1308160668,467023,0.877193
1308263829,467118,0.000000
1308365636,467220,2.631579
1308467837,467333,1.754386
1308569930,467424,0.000000
1308673297,467527,1.754386
1308775792,467643,3.508772
1308878018,467733,2.631579
1308979843,467834,5.263158
1309081940,467936,3.508772
1309129862,467985,2.631579
1309151147,468013,2.631579
1309184330,468038,2.631579
1309286739,468143,3.508772
1309389131,468243,1.754386
1309491539,468345,2.631579
1309593930,468453,1.754386
1309697235,468551,3.508772
1309798730,468653,1.754386
1309901139,468763,0.877193
1310003531,468858,0.877193
1308775792,467643,3.508772
1308878018,467733,2.631579
1308979843,467834,5.263158
1309081940,467936,3.508772
1309129862,467985,2.631579
1309151147,468013,2.631579
1309184330,468038,2.631579
1309286739,468143,3.508772
1309389131,468243,1.754386
1309491539,468345,2.631579
1309593930,468453,1.754386
1309697235,468551,3.508772
1309798730,468653,1.754386
1309901139,468763,0.877193
1310003531,468858,0.877193
1316764185,475619,1.754386
1316865034,475723,3.508772
1316968095,475823,1.754386
1317070253,475925,3.508772
1317171728,476033,3.508772
1317274010,476129,4.385965
1317376331,476231,1.754386
1317478883,476343,2.631579
1317581131,476436,3.508772
1317683539,476538,2.631579
1317785932,476653,0.000000
1317888339,476743,0.877193
1317990730,476845,2.631579
1318093139,476963,0.877193
1318177616,477033,4.385965
1318183264,477040,2.631579
1318195532,477063,1.754386
1318297939,477153,0.877193
1318400331,477255,0.000000
1318502738,477373,1.754386
1318605131,477463,1.754386
1318707539,477562,4.385965
1318809933,477665,4.385965
1318912339,477773,2.631579
1319014731,477870,2.631579
1319117140,477972,2.631579
1319219530,478083,0.000000
1319321939,478177,1.754386
1319424330,478279,3.508772
1319526740,478393,0.000000
1319629132,478484,3.508772
1319731538,478586,1.754386
1319833931,478703,0.877193
1319936338,478793,1.754386
1320038731,478893,2.631579
1318809933,477665,4.385965
1318912339,477773,2.631579
1319014731,477870,2.631579
1319117140,477972,2.631579
1319219530,478083,0.000000
1319321939,478177,1.754386
1319424330,478279,3.508772
1319526740,478393,0.000000
1319629132,478484,3.508772
1319731538,478586,1.754386
1319833931,478703,0.877193
1319936338,478793,1.754386
1320038731,478893,2.631579
1326797133,485652,5.263158
1326899538,485763,3.508772
1327001933,485857,0.877193
1327104339,485960,0.000000
1327206731,486073,2.631579
1327309140,486165,3.508772
1327411531,486267,4.385965
1327514571,486383,3.508772
1327622057,486478,1.754386
1327718739,486574,1.754386
1327821131,486693,0.877193
1327928905,486784,26.315790
1328025930,486881,2.631579
1328128339,486984,3.508772
1328230731,487093,2.631579
1328333139,487189,2.631579
1328435531,487291,1.754386
1328538115,487403,0.877193
1328640332,487496,0.877193
1328745128,487601,2.631579
1328845720,487713,5.263158
1328948594,487804,1.754386
1329050736,487906,0.877193
1329152338,488023,1.754386
1329255211,488113,0.877193
1329357138,488213,2.631579
1329459531,488317,3.508772
1329561938,488423,2.631579
1329587143,488443,2.631579
1329589701,488450,3.508772
1329592252,488457,0.877193
1329594811,488465,1.754386
1329664330,488533,1.754386
1329766739,488623,0.000000
1329869131,488725,4.385965
1329971539,488843,3.508772
1330073931,488933,3.508772
1328640332,487496,0.877193
1328745128,487601,2.631579
1328845720,487713,5.263158
1328948594,487804,1.754386
1329050736,487906,0.877193
1329152338,488023,1.754386
1329255211,488113,0.877193
1329357138,488213,2.631579
1329459531,488317,3.508772
1329561938,488423,2.631579
1329587143,488443,2.631579
1329589701,488450,3.508772
1329592252,488457,0.877193
1329594811,488465,1.754386
1329664330,488533,1.754386
1329766739,488623,0.000000
1329869131,488725,4.385965
1329971539,488843,3.508772
1330073931,488933,3.508772
1336936648,495793,0.877193
1337038355,495903,2.631579
1337140085,495997,0.877193
1337243565,496113,1.754386
1337344862,496203,0.877193
1337447387,496304,0.000000
1337549343,496406,4.385965
1337652242,496513,0.877193
1337753939,496610,0.877193
1337856331,496713,1.754386
1337958739,496823,2.631579
1338061131,496918,1.754386
1338163538,497020,1.754386
1338265930,497133,0.877193
1338368341,497225,0.877193
1338470731,497327,1.754386
1338573140,497443,1.754386
1338675531,497533,4.385965
1338777939,497634,0.877193
1338880331,497753,4.385965
1338982739,497843,1.754386
1339085800,497942,2.631579
1339187567,498044,1.754386
1339289933,498153,0.877193
1339392338,498249,2.631579
1339494733,498352,0.877193
1339597140,498463,0.877193
1339699531,498556,0.000000
1339803915,498662,1.754386
1339904330,498773,0.877193
1340006739,498863,3.508772