beacon_timestamp,local_timestamp
2041890755,1037
2041993058,5942
2042095458,5942
2042197858,5943
2042300258,5944
2042402658,5945
2042505058,5945
2042607458,5946
2042709858,5947
2042812258,5948
2042914658,5948
2043017058,5949
2043119458,5950
2043221858,5950
2043324258,5951
2043426658,5952
2043529058,5953
2043631458,5953
2043733858,5954
2043836258,5955
2043938658,5956
2044041058,5956
2044143458,5957
2044245858,5958
2044348258,5959
2044450658,5959
2044553058,5960
2044962663,5961
2045065058,5962
2045167458,5962
2045269892,5963
2045372258,5964
2045474658,5964
2045577058,5965
2045679458,5966
2045781858,5967
2045884258,5967
2045986658,5968
2046089058,5969
2046191458,5970
2046293858,5970
2046396258,5971
2046498658,5972
2046601058,5973
2046703458,5973
2046805858,597
2061245266,20398
2061358994,20518
2061450062,20598
2061552461,20700
2061660885,20808
2061757261,20918
2061859661,21007
2062067843,21215
2062269261,21416
2062371661,21519
2062474061,21638
2062579885,21727
2062678861,21838
2062781265,21928
2062883719,22038
2062986320,22134
2063088481,22238
2063193072,22340
2063293261,22440
2063395661,22558
2063498061,22646
2063600462,22758
2063703228,22851
2063805262,22958
2063907661,23055
2064010061,23158
2064112461,23260
2064214861,23362
2064317261,23478
2064419663,23567
2064522061,23678
2064624461,23772
2064726861,23878
2064829261,23977
2064931662,24079
2065034061,24198
2065136461,24284
2065238861,24398
2065341261,24489
2065443661,24598
2065546061,24693
2065648462,24798
2065764732,24918
2065853261,25001
2065955661,25118
2066058062,25206
2066160474,25318
2066365266,25518
2066467790,25615
2066570061,25718
2066672498,25820
2066776098,25924
2066877403,26038
2066979661,26128
2067082061,26238
2067184468,26332
2067288797,26438
2067389445,26537
2067491661,26639
2067594061,26758
2067696461,26844
2067798861,26958
2067901267,27049
2068003661,27158
2068106061,27254
2068208463,27358
2068310861,27459
2068413261,27561
2068515661,27678
2068618061,27766
2068720461,27878
2068822861,27971
2068925261,28078
2068971758,28120
2069027661,28175
2069130062,28278
2069232461,28381
2069334861,28483
2069437261,28598
2069539661,28688
2069642061,28798
2069744461,28892
2069846861,28998
2069949261,29097
2070051661,29199
2078243661,3740
2091146061,50295
2091248461,50409
2091350861,50501
2091453261,50609
2091555661,50706
2091658061,50809
2091760461,50910
2091862861,51013
2091965261,51129
2092067661,51217
2092170061,51329
2092272461,51422
2092374861,51529
2092477261,51627
2092579661,51729
2092682061,51832
2092784461,51934
2092886861,52049
2092989261,52139
2093091661,52249
2093194061,52344
2093296461,52449
2093398880,52549
2093501261,52651
2093603661,52769
2093706062,52856
2093808466,52969
2093910861,53061
2094013261,53169
2094115661,53266
2094218061,53369
2094320461,53470
2094422930,53573
2094525261,53689
2094627661,53777
2094730061,53889
2094832461,53982
2094934861,54089
2095037261,54187
2095139661,54289
2095242061,54392
2095344461,54494
2095446861,54609
2095549261,54699
2095651661,54809
2095754061,54904
2095856461,55009
2095958861,55109
2096061261,55211
2096163661,55329
2096266061,55416
2096368461,55529
2096471163,55621
2096573261,55729
2096779065,55929
2096881465,56032
2096984100,56134
2097086275,56249
2097188665,56339
2097291065,56449
2097393465,56544
2097495865,56650
2097598265,56748
2097700665,56851
2097803065,56970
2097905465,57055
2098007865,57170
2098110265,57261
2098212665,57370
2098315065,57465
2098417465,57570
2098519865,57670
2098622265,57773
2098724665,57890
2098827065,57977
2098929465,58090
2099031865,58182
2099134265,58290
2099236665,58387
2099339065,58490
2099441465,58592
2099543865,58694
2099646265,58810
2099748665,58899
2099851065,59010
2099953465,5910
2112753465,71905
2112855865,72010
2112958265,72109
2113060665,72212
2113163065,72330
2113265465,72417
2113367865,72530
2113470265,72621
2113572665,72730
2113675065,72826
2113777465,72930
2113879865,73031
2113982265,73134
2114084666,73250
2114187065,73339
2114289486,73450
2114392179,73543
2114494265,73650
2114596665,73748
2114708802,73860
2114801465,73953
2114903865,74055
2115006265,74170
2115108665,74260
2115211142,74370
2115313465,74465
2115415865,74570
2115518265,74670
2115621783,74773
2115723065,74890
2115825465,74977
2115927865,75090
2116030265,75182
2116132665,75290
2116235065,75387
2116337465,75490
2116439865,75591
2116542265,75694
2116644665,75810
2116750035,75902
2116849465,76010
2116951865,76103
2117054265,76210
2117156665,76308
2117259065,76411
2117361465,76513
2117463865,76615
2117566265,76730
2117668665,76820
2117771065,76930
2117875036,77027
2117975866,77130
2118078265,77230
2118180665,77332
2118283065,77450
2118385470,77538
2118488692,77650
2118590375,77742
2118692665,77850
2118795069,77947
2118897566,78050
2118999865,78151
2119102265,78254
2119204665,78370
2119307065,78459
2119409465,78570
2119511865,78664
2119614265,78770
2119716665,78869
2119819065,78971
2119921465,79073
2120023865,79176
2120126265,79290
2120228665,79380
2120331065,79490
2120433465,79585
2120535865,79690
2120638265,79790
2120740665,79892
2120843065,80010
2120945465,80098
2121047865,80210
2121150265,80302
2121252665,80410
2121355065,80507
2121457465,8061
2152076067,111230
2152178467,111333
2152280867,111451
2152383267,111538
2152485667,111651
2152588067,111742
2152690467,111851
2152792867,111947
2152895267,112051
2152997667,112152
2153100067,112255
2153202467,112371
2153304867,112459
2153407267,112571
2153509667,112664
2153612067,112771
2153714467,112869
2153816867,112971
2153919267,113074
2154021667,113176
2154124067,113291
2154226467,113381
2154328867,113491
2154431267,113586
2154533667,113691
2154636476,113791
2154738467,113893
2154840867,114011
2154943267,114098
2155045667,114211
2155148067,114303
2155250467,114411
2155352867,114507
2155455267,114611
2155557667,114713
2155660067,114815
2155762467,114931
2155864867,115019
2155967267,115131
2156069667,115224
2156172067,115331
2156274467,115429
2156376867,115531
2156479267,115634
2156581667,115736
2156684067,115851
2156786467,115941
2156888867,116051
2156991267,116146
2157093667,116251
2157196067,116351
2157298467,116453
2157400867,116571
2157503267,116658
2157605667,116771
2157708067,116863
2157810467,116971
2157912867,117068
2158015267,117171
2158117667,117273
2158220067,117375
2158322467,117491
2158424867,117580
2158527267,117691
2158629667,117785
2158732067,117891
2158834467,117989
2158936867,118092
2159039267,118194
2159141667,118297
2159244067,118411
2159346467,118501
2159448867,118611
2159551267,118707
2159653667,118811
2159756067,118911
2159858467,119013
2159960867,119132
2160063267,119219
2167436067,126592
2167538467,126702