beacon_timestamp,local_timestamp,load_cell_reading
1716425088,1041,0.877193
1716527642,1143,0.000000
1716629892,1246,0.877193
1716732295,1348,1.754386
1716834745,1451,0.000000
1716937106,1553,0.000000
1717040538,1656,0.000000
1717141895,1758,0.000000
1717245460,1861,0.000000
1717346693,1963,0.000000
1717449981,2066,0.000000
1717454793,2071,3.508772
1717526535,2143,0.000000
1717533023,2149,0.000000
1717536251,2152,0.000000
1717552008,2168,0.000000
1717591368,2208,3.508772
1717594070,2210,0.000000
1717599068,2215,0.000000
1717653890,2270,0.000000
1717756332,2372,0.877193
1717858853,2475,8.771930
1717961090,2577,0.000000
1718064507,2680,0.000000
1718166067,2782,0.000000
1718268290,2884,0.000000
1718370691,2987,0.877193
1718473094,3089,0.000000
1718575517,3191,12.280702
1718677984,3294,1.754386
1718770509,3387,0.000000
1718780293,3396,0.000000
1718884399,3500,0.000000
1718985088,3601,0.000000
1719087492,3703,6.140351
1719189891,3806,0.000000
1719292290,3908,0.000000
1719394694,4011,0.000000
1719497095,4113,0.877193
1719599496,4215,0.000000
1719701896,4318,0.000000
1719804446,4420,0.000000
1719906693,4523,0.000000
1720009245,4625,1.754386
1725231493,9848,3.508772
1725333889,9950,0.000000
1725436298,10053,0.000000
1725538693,10155,0.877193
1725641089,10258,0.000000
1725743489,10360,0.000000
1725845896,10462,0.877193
1725948294,10565,0.000000
1725978826,10596,0.000000
1725989586,10606,0.000000
1726050814,10667,3.508772
1726153089,10770,3.508772
1726255496,10872,2.631579
1726357889,10974,0.000000
1726460296,11077,1.754386
1726562690,11179,0.000000
1726665093,11282,0.000000
1726767494,11384,0.000000
1726869888,11486,0.000000
1726972295,11589,0.000000
1727074689,11691,0.000000
1727177092,11794,0.877193
1727279494,11896,0.000000
1727382677,11999,1.754386
1727484296,12101,0.000000
1727586691,12203,0.000000
1727689092,12306,0.000000
1727791494,12408,0.000000
1727893893,12511,0.000000
1727996296,12613,0.000000
1728098690,12715,1.754386
1728201088,12818,3.508772
1728303491,12920,1.754386
1728405889,13023,0.000000
1728508294,13125,0.000000
1728610692,13227,0.877193
1728713092,13330,0.000000
1728815494,13432,0.000000
1728917893,13535,0.000000
1729020289,13637,0.000000
1729122695,13739,0.000000
1729225095,13842,0.000000
1729327489,13944,0.000000
1729429888,14047,0.000000
1729532295,14149,0.000000
1729634690,14251,0.877193
1729737089,14354,0.000000
1729839489,14456,0.000000
1729941891,14559,0.000000
1730044288,14661,0.000000
1735061891,19679,0.000000
1735164413,19782,0.000000
1735266704,19884,0.000000
1735369196,19986,0.000000
1735471490,20089,0.000000
1735573889,20191,0.877193
1735676292,20293,1.754386
1735778697,20396,0.000000
1735881088,20498,0.000000
1735983495,20601,0.000000
1736085889,20703,0.000000
1736188361,20806,0.000000
1736290691,20908,0.000000
1736393090,21010,0.000000
1736495492,21113,0.000000
1736599122,21216,0.877193
1736700389,21318,0.000000
1736802688,21420,1.754386
1736905095,21522,0.000000
1737007496,21625,1.754386
1737109888,21727,0.000000
1737212295,21830,0.000000
1737314689,21932,0.000000
1737417168,22034,0.000000
1737519491,22137,0.000000
1737621919,22239,0.000000
1737724292,22342,0.000000
1737826690,22444,0.000000
1737929091,22546,0.877193
1738031496,22649,1.754386
1738133893,22751,0.000000
1738236289,22854,0.000000
1738338857,22956,0.000000
1738441096,23058,0.000000
1738543492,23161,1.754386
1738645891,23263,0.000000
1738748296,23366,0.000000
1738850696,23468,0.000000
1738953091,23570,0.000000
1739055491,23673,0.000000
1739157888,23775,0.000000
1739260436,23878,0.000000
1739362692,23980,0.000000
1739465089,24082,0.000000
1739567488,24185,0.000000
1739669893,24287,0.000000
1739772288,24390,0.000000
1739876208,24494,0.000000
1739977096,24595,0.000000
1740079490,24697,0.000000
1745609148,30227,0.000000
1745711491,30329,0.877193
1745814038,30432,1.754386
1745916291,30534,0.000000
1746018691,30637,0.877193
1746121094,30739,0.000000
1746223489,30841,0.000000
1746325893,30944,0.000000
1746428293,31046,0.000000
1746530694,31149,0.000000
1746633088,31251,0.000000
1746735498,31353,0.877193
1746837891,31456,0.000000
1746944038,31562,1.754386
1747042692,31661,0.000000
1747145088,31763,0.000000
1747247489,31865,0.000000
1747349895,31968,1.754386
1747453987,32072,1.754386
1747554694,32173,1.754386
1747625673,32244,0.000000
1747628238,32247,1.754386
1747657093,32275,0.000000
1747751952,32370,0.000000
1747754562,32373,0.000000
1747759584,32378,0.000000
1747818527,32437,0.000000
1747821246,32440,0.000000
1747823820,32442,0.877193
1747861889,32480,0.877193
1747964298,32582,0.877193
1748066690,32685,0.000000
1748169094,32787,1.754386
1748271548,32890,0.000000
1748373924,32992,0.000000
1748476293,33094,0.000000
1748578718,33197,0.000000
1748681177,33299,1.754386
1748783489,33402,0.000000
1748885892,33504,0.000000
1748988296,33606,0.000000
1749090695,33709,0.000000
1749193092,33811,0.000000
1749295494,33914,0.000000
1749397896,34016,0.000000
1749500296,34118,0.000000
1749602692,34221,0.000000
1749705088,34323,0.000000
1749807490,34426,0.000000
1750012289,34630,0.000000
1755313501,39932,0.000000
1755439490,40058,0.000000
1755450520,40069,0.000000
1755453066,40072,0.000000
1755455715,40075,0.000000
1755541896,40160,0.877193
1755644289,40263,0.000000
1755746693,40365,0.000000
1755849093,40468,0.000000
1755951496,40570,0.000000
1756053893,40672,0.877193
1756156459,40775,0.000000
1756258762,40877,0.000000
1756361093,40980,0.877193
1756463523,41082,0.000000
1756565894,41184,0.000000
1756668293,41287,0.000000
1756770790,41389,0.000000
1756873089,41492,0.000000
1756975570,41594,0.877193
1757077889,41696,0.877193
1757180292,41799,0.000000
1757283360,41902,0.000000
1757385125,42004,1.754386
1757487494,42106,0.000000
1757589895,42209,0.000000
1757692294,42311,0.000000
1757794697,42413,1.754386
1757897090,42516,0.000000
1757999491,42618,3.508772
1758101896,42721,0.877193
1758204289,42823,1.754386
1758306691,42925,0.000000
1758409127,43028,0.000000
1758511493,43130,0.000000
1758614225,43233,0.000000
1758716349,43335,1.754386
1758818708,43437,0.000000
1758923290,43542,1.754386
1759023491,43642,0.000000
1759125927,43745,0.000000
1759228294,43847,0.000000
1759330688,43949,0.000000
1759433096,44052,0.877193
1759535495,44154,0.877193
1759637890,44257,0.000000
1759740290,44359,0.000000
1759842691,44461,0.000000
1759945179,44564,0.000000
1760047512,44666,0.000000
1766498696,51118,0.877193
1766601092,51220,0.000000
1766703492,51323,0.000000
1766805890,51425,0.000000
1766908288,51528,0.000000
1767012170,51631,0.000000
1767113096,51732,0.000000
1767215739,51835,0.000000
1767231893,51852,0.877193
1767254526,51874,0.000000
1767262379,51882,0.000000
1767317893,51937,0.877193
1767327420,51947,0.000000
1767329984,51950,0.000000
1767332930,51953,0.000000
1767420294,52040,0.000000
1767453417,52073,0.877193
1767456018,52076,0.000000
1767458619,52078,0.000000
1767522812,52142,0.000000
1767625235,52245,0.000000
1767727488,52347,0.000000
1767829895,52449,2.631579
1767933405,52553,0.877193
1768034696,52654,0.000000
1768138514,52758,0.000000
1768239496,52859,0.000000
1768341896,52961,0.000000
1768444293,53064,0.000000
1768546849,53166,0.000000
1768651516,53271,0.000000
1768751491,53371,0.877193
1768853890,53473,0.000000
1768956292,53576,1.754386
1768974948,53595,0.000000
1768980087,53600,0.000000
1769058693,53678,0.000000
1769161090,53781,0.000000
1769263494,53883,0.000000
1769365896,53985,0.000000
1769466639,54086,0.000000
1769469443,54089,0.877193
1769474409,54094,0.000000
1769476959,54097,0.000000
1769570694,54190,0.000000
1769673090,54293,0.000000
1769775492,54395,0.000000
1769877893,54497,0.000000
1769980292,54600,0.000000
1770082688,54702,0.877193
1776683360,61304,0.000000
1776685943,61306,0.000000
1776688615,61309,0.000000
1776691188,61311,0.877193
1776738696,61359,0.000000
1776841091,61461,0.000000
1776943938,61564,0.000000
1777047619,61668,3.508772
1777148293,61768,0.000000
1777253509,61873,0.877193
1777353089,61973,0.000000
1777455495,62075,0.000000
1777557890,62178,1.754386
1777660289,62280,0.000000
1777762690,62383,0.000000
1777865095,62485,0.000000
1777967495,62588,0.000000
1778009076,62630,0.000000
1778011677,62632,0.000000
1778016249,62637,0.000000
1778018920,62639,0.000000
1778021496,62642,1.754386
1778070249,62690,0.000000
1778082903,62703,0.000000
1778085504,62706,0.000000
1778109168,62730,0.000000
1778111751,62732,0.000000
1778114351,62735,0.000000
1778149617,62770,0.000000
1778152182,62773,0.000000
1778154738,62775,0.000000
1778172289,62792,0.000000
1778274691,62895,0.000000
1778377092,62997,0.000000
1778581888,63202,0.000000
1778684294,63304,0.000000
1778786689,63407,0.000000
1778889089,63509,0.000000
1778991547,63612,0.000000
1779093894,63714,0.000000
1779196296,63816,0.000000
1779298688,63919,0.000000
1779401093,64021,1.754386
1779515663,64136,0.000000
1779521614,64142,0.000000
1779605896,64226,0.000000
1779708293,64328,0.000000
1779810696,64431,0.000000
1779913089,64533,0.000000
1780016727,64637,0.000000
1785607413,70228,0.000000
1785609996,70231,0.000000
1785612551,70233,1.754386
1785647494,70268,0.877193
1785673158,70294,0.000000
1785675750,70297,0.000000
1785678324,70299,0.877193
1785749896,70370,0.000000
1785852402,70473,0.877193
1785954690,70575,0.000000
1786057096,70678,0.000000
1786159495,70780,0.877193
1786261892,70882,1.754386
1786364290,70985,0.877193
1786466749,71087,4.385965
1786569096,71190,0.000000
1786671519,71292,0.000000
1786773893,71395,0.000000
1786876296,71497,0.000000
1786978694,71599,0.000000
1787081088,71702,0.000000
1787183489,71804,0.000000
1787285891,71907,0.000000
1787388306,72009,0.000000
1787490689,72111,1.754386
1787593090,72214,1.754386
1787695493,72316,0.000000
1787797893,72419,0.000000
1787900293,72521,0.000000
1788002688,72623,0.000000
1788105096,72726,7.017544
1788207495,72828,0.000000
1788309893,72931,3.508772
1788412294,73033,0.000000
1788514692,73135,1.754386
1788617089,73238,0.000000
1788719496,73340,0.877193
1788821918,73443,0.000000
1788924293,73545,1.754386
1789026689,73647,0.000000
1789129191,73750,0.000000
1789231553,73852,0.000000
1789333889,73955,0.000000
1789436293,74057,0.000000
1789538767,74160,0.000000
1789641089,74262,0.877193
1789743493,74364,0.000000
1789845897,74467,1.754386
1789948296,74569,0.000000
1790050693,74672,0.000000
1795170691,79792,0.000000
1795273090,79894,0.000000
1795375492,79997,0.000000
1795477891,80099,0.000000
1795580292,80201,0.000000
1795682690,80304,0.000000
1795785094,80406,1.754386
1795887492,80509,0.000000
1795989891,80611,3.508772
1796092292,80714,0.000000
1796194692,80816,0.000000
1796297089,80918,1.754386
1796399489,81021,1.754386
1796501893,81123,0.000000
1796604332,81226,0.000000
1796706689,81328,0.000000
1796809092,81430,3.508772
1796911493,81533,0.000000
1797013973,81635,0.000000
1797116335,81738,0.000000
1797218690,81840,1.754386
1797321096,81942,1.754386
1797423496,82045,0.000000
1797525890,82147,0.000000
1797628362,82250,0.000000
1797730692,82352,1.754386
1797833090,82454,0.000000
1797935648,82557,0.000000
1798037895,82659,0.000000
1798140293,82762,0.877193
1798242691,82864,0.000000
1798325845,82948,0.000000
1798339513,82961,1.754386
1798345095,82966,0.000000
1798447492,83069,3.508772
1798549889,83171,0.000000
1798652293,83274,0.000000
1798754696,83376,0.877193
1798857089,83479,0.000000
1798959490,83581,0.000000
1799061964,83683,0.000000
1799266694,83888,0.000000
1799369096,83991,0.000000
1799471493,84093,1.754386
1799573892,84195,0.000000
1799676296,84298,0.000000
1799778688,84400,1.754386
1799881088,84503,1.754386
1799983491,84605,0.000000
1800085910,84707,0.000000
1805922693,90545,0.000000
1806025093,90647,0.000000
1806127493,90749,1.754386
1806229891,90852,0.000000
1806332289,90954,0.000000
1806434696,91057,2.631579
1806537166,91159,0.877193
1806639493,91261,1.754386
1806741890,91364,0.000000
1806844293,91466,0.000000
1806948489,91570,2.631579
1807049089,91671,0.000000
1807151489,91774,0.000000
1807253890,91876,1.754386
1807356400,91978,0.000000
1807458691,92081,0.877193
1807561232,92183,0.000000
1807663492,92286,0.000000
1807765983,92388,0.000000
1807868297,92490,3.508772
1807970690,92593,0.000000
1808073094,92695,0.000000
1808178110,92800,1.754386
1808247377,92870,0.000000
1808249924,92872,0.000000
1808252543,92875,0.000000
1808255216,92878,0.877193
1808257858,92880,0.000000
1808260459,92883,8.771930
1808277895,92900,0.000000
1808314326,92937,0.000000
1808316927,92939,0.000000
1808319483,92942,0.000000
1808380289,93002,0.000000
1808482825,93105,0.000000
1808585089,93207,0.000000
1808687489,93310,0.000000
1808789894,93412,0.000000
1808892289,93514,0.000000
1808994696,93617,0.877193
1809097091,93719,4.385965
1809199496,93822,0.000000
1809301892,93924,0.000000
1809404292,94026,0.000000
1809506695,94129,0.000000
1809609241,94231,0.000000
1809711492,94334,8.771930
1809813894,94436,0.000000
1809916291,94539,0.000000
1810018695,94641,0.000000
1815773939,100397,0.000000
1815776486,100399,0.000000
1815850042,100473,0.877193
1815858714,100482,0.000000
1815861315,100484,0.000000
1815920167,100543,1.754386
1815922741,100546,0.000000
1815925333,100548,0.000000
1816060318,100683,1.754386
1816162696,100785,1.754386
1816265096,100888,0.000000
1816367490,100990,0.000000
1816469906,101093,0.000000
1816572295,101195,0.000000
1816674696,101297,0.000000
1816777133,101400,0.000000
1816879495,101502,1.754386
1816981893,101605,0.000000
1817084445,101707,4.385965
1817186695,101809,0.000000
1817289094,101912,0.000000
1817391495,102014,0.877193
1817493891,102117,0.000000
1817596296,102219,3.508772
1817698696,102321,0.877193
1817801092,102424,0.000000
1817903489,102526,0.000000
1818005888,102629,0.000000
1818108293,102731,0.000000
1818210689,102833,0.000000
1818313096,102936,1.754386
1818415488,103038,0.000000
1818517894,103141,1.754386
1818620296,103243,0.000000
1818722691,103346,3.508772
1818825093,103448,0.000000
1818927494,103550,0.000000
1819029889,103653,0.000000
1819132362,103755,0.000000
1819234692,103858,0.000000
1819337096,103960,0.877193
1819439492,104062,0.877193
1819541895,104165,0.000000
1819644310,104267,0.000000
1819849092,104472,1.754386
1819951493,104574,0.000000
1819976461,104600,0.000000
1819979026,104602,0.877193
1819987614,104611,23.684210
1820053896,104677,0.877193
1825173892,109797,0.000000
1825276296,109900,0.877193
1825378690,110002,0.000000
1825481094,110104,9.649123
1825583494,110207,0.877193
1825685891,110309,0.000000
1825788293,110412,0.000000
1825890694,110514,1.754386
1825993089,110616,0.000000
1826095488,110719,0.000000
1826197930,110821,0.000000
1826300295,110924,0.000000
1826402693,111026,0.000000
1826505090,111128,0.000000
1826607495,111231,0.000000
1826710009,111333,0.000000
1826814919,111438,0.000000
1826914693,111538,0.000000
1827017093,111640,0.877193
1827119496,111743,0.000000
1827187633,111811,0.000000
1827193312,111817,0.000000
1827195885,111820,0.000000
1827198459,111822,0.000000
1827221891,111845,0.877193
1827326926,111950,0.000000
1827426688,112050,0.000000
1827631495,112255,0.000000
1827733892,112357,0.000000
1827836291,112460,0.000000
1827938692,112562,0.000000
1828041094,112665,3.508772
1828143492,112767,0.000000
1828348294,112972,0.000000
1828553090,113177,0.877193
1828655494,113279,1.754386
1828757890,113381,0.000000
1828860293,113484,0.877193
1828962798,113586,3.508772
1829065088,113689,0.000000
1829167491,113791,0.000000
1829269893,113893,0.000000
1829372294,113996,0.000000
1829474697,114098,0.000000
1829577092,114201,0.877193
1829679492,114303,0.000000
1829781895,114405,0.000000
1829884295,114508,1.754386
1829986690,114610,0.877193
1830089240,114713,0.000000
1835721097,120345,0.877193
1835823491,120447,0.000000
1835925893,120550,0.000000
1836028295,120652,0.000000
1836130693,120755,0.000000
1836233089,120857,0.877193
1836335493,120959,0.000000
1836437888,121062,0.000000
1836540293,121164,0.000000
1836642695,121267,0.000000
1836745095,121369,0.000000
1836847490,121472,0.000000
1836949888,121574,0.000000
1837052289,121676,0.000000
1837154688,121779,0.877193
1837257090,121881,0.000000
1837359493,121984,0.877193
1837461895,122086,0.000000
1837564290,122188,1.754386
1837616925,122241,0.000000
1837666692,122291,0.000000
1837769093,122393,0.000000
1837871493,122496,0.000000
1837973891,122598,3.508772
1838076291,122700,0.000000
1838178691,122803,0.000000
1838281091,122905,0.000000
1838383491,123008,0.877193
1838479586,123104,0.000000
1838482178,123107,0.000000
1838484725,123109,0.877193
1838487263,123111,0.000000
1838554259,123179,1.754386
1838556824,123181,0.000000
1838559544,123184,0.000000
1838588294,123212,1.754386
1838690696,123315,0.000000
1838793091,123417,0.000000
1838895492,123520,0.000000
1838997888,123622,0.000000
1839100293,123724,0.000000
1839202695,123827,0.877193
1839305088,123929,1.754386
1839407622,124032,1.754386
1839509895,124134,0.000000
1839616381,124241,0.877193
1839714695,124339,0.000000
1839817092,124441,3.508772
1839919496,124544,0.000000
1840021890,124646,1.754386
1846132451,130758,0.000000
1846165892,130791,0.000000
1846198531,130824,0.000000
1846201078,130826,0.000000
1846203643,130829,0.000000
1846206307,130831,0.000000
1846208935,130834,0.000000
1846211491,130837,1.754386
1846268292,130893,0.000000
1846370696,130995,1.754386
1846473094,131098,0.000000
1846575496,131200,0.000000
1846677953,131303,0.000000
1846780292,131405,0.000000
1846882691,131507,0.000000
1846985088,131610,0.877193
1847087492,131712,0.000000
1847189893,131815,0.877193
1847292461,131917,0.000000
1847394692,132019,0.000000
1847497096,132122,0.000000
1847599495,132224,0.000000
1847701896,132327,0.000000
1847804290,132429,0.000000
1847906693,132531,0.000000
1848009093,132634,0.000000
1848111491,132736,0.000000
1848213895,132839,0.000000
1848316288,132941,0.000000
1848418689,133044,0.000000
1848521088,133146,0.000000
1848725933,133351,0.000000
1848748729,133374,1.754386
1848751330,133377,0.000000
1848753886,133379,1.754386
1848828294,133453,0.877193
1848832582,133458,0.000000
1848843921,133469,0.000000
1848930925,133556,0.000000
1849033089,133658,0.877193
1849135493,133760,0.000000
1849239216,133864,0.000000
1849340295,133965,0.000000
1849442690,134068,0.000000
1849545096,134170,0.000000
1849647488,134272,0.000000
1849750022,134375,3.508772
1849852291,134477,0.000000
1849954688,134580,8.771930
1850057089,134682,0.000000
1855279488,139905,0.000000
1855381895,140007,0.000000
1855484295,140110,1.754386
1855586696,140212,0.000000
1855689096,140314,1.754386
1855791507,140417,0.000000
1855893893,140519,1.754386
1855996294,140621,0.000000
1856056408,140682,0.877193
1856059063,140685,0.000000
1856098691,140724,0.000000
1856201094,140826,0.000000
1856303490,140929,3.508772
1856405889,141031,0.877193
1856508289,141134,0.000000
1856610692,141236,0.000000
1856713092,141339,0.000000
1856815488,141441,0.877193
1856917894,141543,0.000000
1857021559,141647,0.000000
1857122816,141750,1.754386
1857225092,141851,1.754386
1857327495,141953,0.000000
1857429893,142055,0.000000
1857532290,142158,2.631579
1857634696,142260,0.000000
1857737089,142363,0.877193
1857839489,142465,0.000000
1857941892,142567,0.000000
1858044297,142670,0.000000
1858146692,142772,3.508772
1858249090,142875,0.000000
1858351495,142977,0.000000
1858453890,143079,0.000000
1858556291,143182,1.754386
1858658696,143284,0.000000
1858761096,143387,0.000000
1858863488,143489,1.754386
1858965896,143591,0.000000
1859068295,143694,1.754386
1859170690,143796,0.877193
1859273093,143899,0.000000
1859375495,144001,0.000000
1859477892,144103,0.000000
1859580290,144206,1.754386
1859682710,144308,0.000000
1859785094,144411,0.000000
1859887493,144513,0.000000
1859989893,144616,0.000000
1860092290,144718,3.508772
1867058084,151684,0.000000
1867157895,151784,0.000000
1867260889,151887,0.877193
1867363630,151990,0.000000
1867465096,152091,0.000000
1867569819,152196,0.000000
1867671135,152297,1.754386
1867772289,152398,0.000000
1867874693,152501,0.000000
1867977092,152603,3.508772
1868079495,152706,0.000000
1868181894,152808,0.000000
1868284293,152910,0.000000
1868386691,153013,0.000000
1868489089,153115,1.754386
1868591488,153218,0.000000
1868693913,153320,0.000000
1868796294,153423,0.000000
1868820107,153447,0.000000
1868826143,153453,0.000000
1868828762,153455,0.000000
1868832018,153459,0.000000
1868835291,153462,3.508772
1868837901,153465,0.000000
1868891889,153519,0.000000
1868894490,153521,0.000000
1868897091,153524,0.000000
1868899629,153526,0.877193
1869001095,153627,0.000000
1869039443,153666,0.000000
1869041990,153669,0.000000
1869044627,153671,0.000000
1869103568,153730,0.877193
1869205891,153832,0.000000
1869308288,153935,0.000000
1869410692,154037,0.000000
1869513095,154139,0.877193
1869615494,154242,0.000000
1869717889,154344,1.754386
1869820293,154447,0.000000
1869922697,154549,3.508772
1869926521,154553,0.000000
1869929077,154556,0.000000
1869931624,154558,0.000000
1869954751,154581,0.877193
1869957299,154584,0.877193
1869965434,154592,0.000000
1869968026,154595,0.000000
1869970779,154597,0.000000
1870025095,154651,1.754386
1876509694,161137,0.000000
1876512277,161139,0.000000
1876578692,161205,0.000000
1876666713,161294,0.877193
1876669281,161296,0.000000
1876681096,161308,0.000000
1876687067,161314,0.000000
1876689774,161317,0.000000
1876692312,161319,0.000000
1876783492,161410,0.000000
1876983303,161610,0.000000
1876989853,161617,0.000000
1877039346,161666,0.000000
1877090693,161717,0.000000
1877193216,161820,0.877193
1877286118,161913,0.000000
1877295488,161922,0.000000
1877306292,161933,0.000000
1877398194,162025,0.000000
1877420964,162048,0.000000
1877423538,162051,0.000000
1877426076,162053,1.754386
1877500288,162127,0.000000
1877602691,162230,0.000000
1877705090,162332,0.000000
1877807496,162434,1.754386
1877889876,162517,0.000000
1877895585,162523,0.877193
1877909890,162537,0.000000
1878012292,162639,0.000000
1878114688,162742,0.000000
1878217088,162844,0.000000
1878319540,162946,0.000000
1878421894,163049,0.877193
1878524294,163151,0.000000
1878626693,163254,0.000000
1878729097,163356,0.877193
1878831488,163458,0.000000
1878933892,163561,0.000000
1879036290,163663,0.000000
1879138694,163766,0.000000
1879241096,163868,0.000000
1879343492,163970,0.000000
1879445888,164073,1.754386
1879548290,164175,1.754386
1879650693,164278,0.000000
1879753094,164380,0.000000
1879855496,164482,0.000000
1879957890,164585,0.000000
1880060292,164687,1.754386
1885589894,170217,0.000000
1885692295,170320,0.000000
1885794689,170422,0.000000
1885897090,170525,1.754386
1885999489,170627,0.877193
1886101888,170729,0.000000
1886204291,170832,0.000000
1886306751,170934,0.000000
1886409090,171037,0.000000
1886511490,171139,0.000000
1886613895,171241,0.000000
1886716413,171344,0.000000
1886818694,171446,0.000000
1886921096,171549,0.000000
1887023495,171651,0.000000
1887125896,171753,0.000000
1887228294,171856,0.000000
1887330692,171958,0.000000
1887433089,172061,0.000000
1887535492,172163,0.000000
1887637888,172265,0.000000
1887740307,172368,0.000000
1887842690,172470,0.000000
1887945107,172573,0.000000
1888047493,172675,0.877193
1888149943,172777,0.877193
1888252297,172880,0.000000
1888354690,172982,0.000000
1888457096,173085,0.000000
1888561523,173189,0.000000
1888661891,173289,0.000000
1888764293,173392,0.877193
1888881081,173509,1.754386
1888950338,173578,0.000000
1888970023,173598,0.000000
1888973523,173601,0.000000
1888995225,173623,0.000000
1888997817,173626,0.000000
1889015889,173644,0.000000
1889071495,173699,0.000000
1889173892,173802,0.000000
1889276290,173904,0.000000
1889378688,174006,0.000000
1889481097,174109,0.000000
1889583704,174211,0.877193
1889685895,174314,0.000000
1889788290,174416,0.000000
1889890695,174518,0.000000
1889993090,174621,0.000000
1890095493,174723,0.000000
1896444288,181072,0.877193
1896546695,181175,3.508772
1896649097,181277,0.000000
1896751497,181380,0.000000
1896853896,181482,21.052631
1896956302,181584,0.877193
1897058692,181687,2.631579
1897163664,181792,0.000000
1897263496,181892,3.508772
1897365895,181994,0.000000
1897468295,182096,0.877193
1897570692,182199,0.000000
1897673095,182301,0.877193
1897776357,182405,0.000000
1897877896,182506,0.000000
1897980295,182608,0.000000
1898082691,182711,0.877193
1898185093,182813,0.000000
1898287489,182916,0.000000
1898389888,183018,0.000000
1898492597,183121,0.877193
1898597697,183226,1.754386
1898605874,183234,0.877193
1898697095,183325,0.000000
1898799489,183428,0.000000
1898901908,183530,0.000000
1899004293,183633,0.000000
1899038247,183667,1.754386
1899040972,183670,0.000000
1899043564,183672,3.508772
1899107234,183735,0.000000
1899114307,183743,0.000000
1899116926,183746,0.000000
1899119527,183748,0.000000
1899125155,183754,0.000000
1899127702,183756,0.000000
1899130294,183759,0.000000
1899209088,183837,0.000000
1899311495,183940,0.000000
1899413893,184042,0.000000
1899516292,184145,0.000000
1899541859,184171,1.754386
1899547528,184176,0.877193
1899550120,184179,0.000000
1899552685,184181,0.000000
1899618872,184247,0.000000
1899721090,184349,0.000000
1899823494,184452,0.877193
1899925889,184554,1.754386
1900028292,184657,0.877193
1906377676,191006,3.508772
1906581896,191211,0.000000
1906595881,191225,0.000000
1906598686,191228,0.000000
1906601363,191231,0.000000
1906604036,191233,1.754386
1906673357,191303,0.000000
1906676541,191306,0.000000
1906679806,191309,0.000000
1906682425,191312,0.000000
1906698237,191327,0.000000
1906700369,191330,0.877193
1906738803,191368,1.754386
1906742792,191372,0.000000
1906746241,191375,0.000000
1906771063,191400,0.000000
1906773619,191403,3.508772
1906786692,191416,0.877193
1906889090,191518,0.000000
1906991495,191620,0.000000
1907093894,191723,1.754386
1907196291,191825,0.000000
1907298690,191928,0.000000
1907401089,192030,0.877193
1907503495,192132,0.000000
1907605888,192235,0.000000
1907708289,192337,3.508772
1907810694,192440,1.754386
1907913119,192542,0.877193
1908015497,192644,0.000000
1908117895,192747,0.000000
1908220289,192849,0.000000
1908322692,192952,0.000000
1908425089,193054,0.000000
1908527492,193156,0.000000
1908629891,193259,0.877193
1908732296,193361,0.000000
1908834690,193464,0.877193
1908937089,193566,3.508772
1909039490,193668,0.000000
1909141903,193771,0.000000
1909244435,193873,0.000000
1909346729,193976,0.000000
1909449096,194078,0.877193
1909551496,194180,0.000000
1909653911,194283,0.000000
1909756295,194385,1.754386
1909858694,194488,0.000000
1909961092,194590,0.000000
1910063491,194693,0.000000
1916002689,200632,0.000000
1916105090,200735,0.000000
1916207489,200837,0.000000
1916310003,200939,0.877193
1916404242,201034,0.000000
1916413150,201043,0.000000
1916423639,201053,0.877193
1916517910,201147,0.000000
1916617092,201247,0.000000
1916719494,201349,0.000000
1916821895,201451,1.754386
1916924332,201554,0.000000
1917026694,201656,1.754386
1917129088,201759,0.000000
1917231494,201861,1.754386
1917436290,202066,0.000000
1917538695,202168,0.000000
1917641094,202271,0.000000
1917743489,202373,1.754386
1917845897,202475,0.000000
1917948294,202578,0.000000
1918050694,202680,0.000000
1918121597,202752,0.000000
1918141828,202772,0.000000
1918153092,202783,0.000000
1918167617,202798,0.000000
1918188969,202819,0.000000
1918255493,202885,1.754386
1918345851,202976,0.000000
1918348443,202978,0.000000
1918351128,202981,0.000000
1918357894,202987,0.877193
1918366217,202996,0.000000
1918460294,203090,0.000000
1918562695,203192,1.754386
1918665536,203295,0.000000
1918767494,203397,0.000000
1918869893,203500,0.000000
1918972294,203602,0.000000
1919074695,203704,0.000000
1919177088,203807,0.000000
1919279490,203909,0.000000
1919381891,204012,0.000000
1919484292,204114,11.403509
1919586690,204216,0.000000
1919689090,204319,0.000000
1919791490,204421,0.000000
1919893896,204524,0.000000
1919996294,204626,0.000000
1920098695,204728,0.000000
1926549896,211180,0.000000
1926652295,211282,0.000000
1926754696,211385,0.000000
1926857095,211487,0.000000
1926960797,211591,1.754386
1927061889,211692,0.000000
1927164294,211794,0.000000
1927267728,211898,0.877193
1927369325,212000,0.000000
1927471496,212102,0.000000
1927573891,212204,0.000000
1927676294,212307,0.000000
1927778695,212409,0.000000
1927881092,212511,0.000000
1927983489,212614,0.000000
1928085894,212716,0.000000
1928188291,212819,0.000000
1928290695,212921,0.000000
1928393123,213023,0.000000
1928396318,213027,0.000000
1928495493,213126,0.000000
1928597893,213228,0.877193
1928700289,213331,0.000000
1928802694,213433,0.000000
1928905095,213535,0.000000
1929007759,213638,0.000000
1929109891,213740,0.000000
1929212291,213843,0.877193
1929229207,213860,0.000000
1929231799,213863,0.000000
1929234373,213865,0.000000
1929237046,213868,0.000000
1929247653,213878,0.877193
1929302314,213933,0.000000
1929304861,213936,0.000000
1929307443,213938,0.877193
1929321237,213952,0.000000
1929371643,214002,0.877193
1929374199,214005,0.000000
1929376755,214007,0.877193
1929417089,214047,0.000000
1929445922,214077,0.000000
1929448532,214079,0.000000
1929451078,214082,0.000000
1929519492,214150,0.000000
1929621893,214252,0.000000
1929724295,214355,0.000000
1929826690,214457,0.877193
1929929094,214559,0.000000
1930031496,214662,0.000000
1936579055,221210,0.000000
1936585091,221216,0.000000
1936601601,221233,0.877193
1936604184,221235,0.000000
1936687493,221318,0.000000
1936789953,221421,0.000000
1936792972,221424,0.000000
1936795573,221427,1.754386
1936825190,221456,0.000000
1936827728,221459,0.000000
1936830266,221462,0.000000
1936845407,221477,0.000000
1936867735,221499,0.000000
1936870300,221502,0.000000
1936934447,221566,0.000000
1936937012,221568,0.877193
1936939594,221571,0.000000
1936994690,221626,3.508772
1937005484,221637,0.000000
1937025216,221656,0.000000
1937097096,221728,3.508772
1937144691,221776,0.000000
1937163794,221795,0.000000
1937199489,221831,0.000000
1937301890,221933,3.508772
1937404290,222035,0.877193
1937507073,222138,0.000000
1937609094,222240,0.877193
1937711496,222342,0.000000
1937813892,222445,0.877193
1937916325,222547,1.754386
1938018691,222650,0.000000
1938121089,222752,1.754386
1938223491,222854,0.000000
1938325904,222957,0.000000
1938428292,223059,0.000000
1938521507,223153,0.000000
1938531021,223162,3.508772
1938735491,223366,1.754386
1938838035,223469,0.000000
1938942285,223573,0.877193
1939247490,223879,0.000000
1939349892,223981,1.754386
1939452293,224083,0.000000
1939554691,224186,0.000000
1939657094,224288,0.000000
1939759490,224391,0.000000
1939861890,224493,0.000000
1939964291,224595,0.000000
1940066694,224698,0.000000
1944981889,229613,0.877193
1945084291,229716,0.877193
1945186696,229818,0.000000
1945289088,229921,0.000000
1945391492,230023,0.000000
1945493888,230125,0.000000
1945596288,230228,0.000000
1945698695,230330,0.877193
1945801091,230433,0.000000
1945903583,230535,0.877193
1946005892,230637,0.000000
1946108292,230740,0.000000
1946210690,230842,0.000000
1946313090,230945,0.000000
1946415496,231047,0.000000
1946517891,231149,0.000000
1946620291,231252,0.000000
1946722694,231354,0.000000
1946825091,231457,0.000000
1946927611,231559,0.000000
1947029890,231661,0.000000
1947132290,231764,0.000000
1947234690,231866,0.000000
1947337091,231969,0.000000
1947439512,232071,0.000000
1947541984,232174,0.000000
1947644295,232276,0.877193
1947746693,232378,0.000000
1947849089,232481,0.000000
1947951492,232583,2.631579
1948053889,232686,0.877193
1948156288,232788,0.000000
1948258688,232890,0.000000
1948361091,232993,1.754386
1948463493,233095,0.000000
1948565893,233198,0.000000
1948668731,233300,0.000000
1948770688,233402,0.000000
1948873090,233505,0.000000
1948975496,233607,0.000000
1949077895,233710,0.000000
1949180293,233812,0.000000
1949282694,233914,0.000000
1949385093,234017,0.000000
1949487488,234119,0.000000
1949589889,234222,0.000000
1949692293,234324,0.000000
1949794691,234426,0.000000
1949897095,234529,0.000000
1950000063,234632,0.877193
1956655491,241288,0.877193
1956757902,241390,0.000000
1956860294,241493,0.000000
1956962692,241595,0.000000
1957065616,241699,0.000000
1957167489,241800,0.000000
1957270229,241902,1.754386
1957372294,242005,0.000000
1957453772,242086,0.000000
1957456373,242089,0.000000
1957458947,242092,0.000000
1957464616,242097,0.000000
1957467208,242100,0.000000
1957469808,242102,0.877193
1957477469,242110,0.000000
1957577093,242209,0.000000
1957679496,242312,0.000000
1957781889,242414,0.000000
1957884289,242517,0.000000
1957986692,242619,0.000000
1958089094,242721,0.000000
1958193551,242826,0.000000
1958208595,242841,0.000000
1958229471,242862,1.754386
1958293896,242926,1.754386
1958302233,242935,0.000000
1958365545,242998,0.000000
1958368123,243001,0.877193
1958373459,243006,0.000000
1958396295,243029,0.000000
1958424259,243057,0.000000
1958426842,243060,0.877193
1958429433,243062,0.000000
1958498693,243131,3.508772
1958601088,243233,0.000000
1958703494,243336,1.754386
1958805893,243438,1.754386
1958908296,243541,1.754386
1959010695,243643,0.000000
1959113090,243745,0.000000
1959317895,243950,0.000000
1959424572,244057,0.000000
1959427146,244060,0.000000
1959429720,244062,0.877193
1959522693,244155,0.000000
1959625094,244257,0.877193
1959727494,244360,3.508772
1959829891,244462,0.000000
1959932296,244565,0.000000
1960137094,244770,0.877193
1965462088,250095,0.000000
1965564288,250197,0.000000
1965666690,250300,1.754386
1965769089,250402,0.000000
1965871494,250504,0.000000
1965973896,250608,0.000000
1966076290,250709,0.877193
1966178693,250812,0.877193
1966282082,250915,0.877193
1966383493,251016,0.877193
1966485894,251119,0.000000
1966588288,251221,0.000000
1966794823,251428,0.000000
1966895493,251528,0.000000
1966997890,251631,0.000000
1967024331,251658,0.000000
1967026913,251660,0.000000
1967030205,251663,0.000000
1967096862,251730,0.000000
1967102451,251736,0.000000
1967105395,251739,0.000000
1967107942,251741,0.000000
1967110488,251744,0.000000
1967202695,251836,0.000000
1967305096,251938,0.877193
1967509893,252143,0.877193
1967612292,252245,0.000000
1967714696,252348,0.000000
1967817091,252450,0.000000
1967919492,252552,0.877193
1968021888,252655,0.000000
1968124289,252757,0.000000
1968226959,252860,0.000000
1968329088,252962,0.000000
1968431605,253065,0.000000
1968533896,253167,1.754386
1968636295,253269,0.877193
1968738695,253372,0.000000
1968943492,253577,0.000000
1969045893,253679,0.000000
1969148290,253781,0.877193
1969250695,253884,1.754386
1969353091,253986,0.000000
1969455494,254089,0.000000
1969557888,254191,0.000000
1969660294,254293,0.000000
1969762752,254396,0.000000
1969865096,254498,1.754386
1969967725,254601,0.000000
1970069915,254703,0.000000
1975906693,260540,0.000000
1976009110,260643,0.000000
1976111512,260745,0.000000
1976214715,260848,0.000000
1976316364,260950,0.000000
1976418716,261052,0.000000
1976521095,261155,0.000000
1976623495,261257,3.508772
1976725899,261359,0.000000
1976828322,261462,1.754386
1976931077,261565,0.000000
1977033088,261667,0.000000
1977135526,261769,0.000000
1977237892,261871,0.000000
1977340329,261974,0.000000
1977545165,262179,0.000000
1977647493,262281,0.000000
1977749894,262384,0.000000
1977852292,262486,0.000000
1977954861,262589,3.508772
1978057091,262691,0.000000
1978159540,262793,0.000000
1978250963,262885,0.000000
1978263753,262897,0.877193
1978271799,262906,1.754386
1978365087,262999,0.000000
1978404752,263039,0.877193
1978407290,263041,0.000000
1978409837,263044,0.000000
1978467434,263101,0.000000
1978569091,263203,0.877193
1978671548,263305,1.754386
1978773895,263408,0.000000
1978876291,263510,0.000000
1979081099,263715,0.000000
1979183555,263817,0.877193
1979285890,263920,0.000000
1979311519,263946,0.000000
1979314267,263948,0.000000
1979316841,263951,0.000000
1979319496,263954,0.000000
1979322097,263956,3.508772
1979324653,263959,0.877193
1979388296,264022,0.000000
1979490837,264125,0.000000
1979593161,264227,0.000000
1979695489,264329,0.000000
1979797892,264432,0.000000
1979900295,264534,0.000000
1980002766,264637,3.508772