beacon_timestamp,local_timestamp,load_cell_reading
1717040538,1119,0.000000
1717245460,1324,0.000000
1717449981,1529,0.000000
1717454793,1534,0.000000
1717526535,1606,0.000000
1717533023,1612,0.000000
1717536251,1616,0.000000
1717552008,1631,0.000000
1717591368,1671,0.000000
1717594070,1673,12.280702
1717599068,1678,0.000000
1717858853,1938,0.000000
1718064507,2143,0.000000
1718268290,2347,0.000000
1718473094,2552,0.000000
1718575517,2655,0.000000
1718764729,2844,0.000000
1718770509,2850,0.000000
1719292290,3371,0.000000
1719701896,3781,0.000000
1719906693,3986,0.000000
1721033092,5112,0.000000
1717533023,1612,0.000000
1717536251,1616,0.000000
1717552008,1631,0.000000
1717591368,1671,0.000000
1717594070,1673,12.280702
1717599068,1678,0.000000
1717858853,1938,0.000000
1718064507,2143,0.000000
1718268290,2347,0.000000
1718473094,2552,0.000000
1718575517,2655,0.000000
1718764729,2844,0.000000
1718770509,2850,0.000000
1719292290,3371,0.000000
1719701896,3781,0.000000
1719906693,3986,0.000000
1721033092,5112,0.000000
1723900290,7980,0.000000
1725026739,9106,0.000000
1725029282,9109,0.000000
1725031415,9111,0.000000
1725033980,9114,0.000000
1725036644,9116,0.000000
1725094838,9174,0.000000
1725103094,9183,0.000000
1725109098,9189,0.000000
1725111868,9192,0.000000
1725114613,9194,0.000000
1725117229,9197,0.000000
1725131086,9210,0.000000
1725231493,9311,0.000000
1725538693,9618,0.000000
1725641089,9720,0.000000
1725948294,10028,0.000000
1725978826,10059,0.000000
1725984495,10064,0.000000
1725989586,10069,0.000000
1726050814,10130,0.000000
1726460296,10540,0.000000
1726869888,10949,0.000000
1727074689,11154,0.000000
1727586691,11666,0.000000
1727689092,11768,0.000000
1728508294,12588,0.000000
1729020289,13100,0.000000
1729225095,13305,0.000000
1729429888,13509,0.000000
1729737089,13817,0.000000
1729839489,13919,0.000000
1730249096,14329,0.000000
1725111868,9192,0.000000
1725114613,9194,0.000000
1725117229,9197,0.000000
1725131086,9210,0.000000
1725231493,9311,0.000000
1725538693,9618,0.000000
1725641089,9720,0.000000
1725948294,10028,0.000000
1725978826,10059,0.000000
1725984495,10064,0.000000
1725989586,10069,0.000000
1726050814,10130,0.000000
1726460296,10540,0.000000
1726869888,10949,0.000000
1727074689,11154,0.000000
1727586691,11666,0.000000
1727689092,11768,0.000000
1728508294,12588,0.000000
1729020289,13100,0.000000
1729225095,13305,0.000000
1729429888,13509,0.000000
1729737089,13817,0.000000
1729839489,13919,0.000000
1730249096,14329,0.000000
1733194106,17274,0.000000
1733196709,17277,0.000000
1733199283,17279,0.000000
1733212941,17293,0.000000
1733215488,17296,0.000000
1733218085,17298,0.000000
1733936869,18017,0.000000
1734755138,18835,0.000000
1735061891,19142,0.000000
1735266704,19346,0.000000
1735471490,19551,0.000000
1735573889,19654,0.000000
1735778697,19858,0.000000
1735983495,20063,0.000000
1736905095,20985,0.000000
1737007496,21087,0.000000
1737109888,21190,0.000000
1737212295,21292,0.000000
1737417168,21497,0.000000
1737826690,21907,0.000000
1738850696,22931,0.000000
1739055491,23135,0.000000
1739157888,23238,0.000000
1739260436,23340,0.000000
1739362692,23443,3.508772
1740079490,24159,0.000000
1733199283,17279,0.000000
1733212941,17293,0.000000
1733215488,17296,0.000000
1733218085,17298,0.000000
1733936869,18017,0.000000
1734755138,18835,0.000000
1735061891,19142,0.000000
1735266704,19346,0.000000
1735471490,19551,0.000000
1735573889,19654,0.000000
1735778697,19858,0.000000
1735983495,20063,0.000000
1736905095,20985,0.000000
1737007496,21087,0.000000
1737109888,21190,0.000000
1737212295,21292,0.000000
1737417168,21497,0.000000
1737826690,21907,0.000000
1738850696,22931,0.000000
1739055491,23135,0.000000
1739157888,23238,0.000000
1739260436,23340,0.000000
1739362692,23443,3.508772
1740079490,24159,0.000000
1743253894,27334,0.000000
1743561108,27641,0.000000
1743970692,28051,0.000000
1744175488,28256,0.000000
1746223489,30304,0.000000
1746325893,30406,0.000000
1746837891,30918,0.000000
1746944038,31024,0.000000
1747453987,31534,0.000000
1747554694,31635,0.000000
1747625673,31706,0.000000
1747628238,31709,0.000000
1747631006,31712,0.000000
1747636435,31717,0.000000
1747751952,31833,0.000000
1747754562,31835,0.000000
1747759584,31840,0.000000
1747818527,31899,0.000000
1747821246,31902,0.000000
1747823820,31904,0.000000
1748066690,32147,0.000000
1748271548,32352,0.000000
1749193092,33273,0.000000
1749295494,33376,0.000000
1749397896,33478,0.000000
1750421896,34502,0.000000
1746944038,31024,0.000000
1747453987,31534,0.000000
1747554694,31635,0.000000
1747625673,31706,0.000000
1747628238,31709,0.000000
1747631006,31712,0.000000
1747636435,31717,0.000000
1747751952,31833,0.000000
1747754562,31835,0.000000
1747759584,31840,0.000000
1747818527,31899,0.000000
1747821246,31902,0.000000
1747823820,31904,0.000000
1748066690,32147,0.000000
1748271548,32352,0.000000
1749193092,33273,0.000000
1749295494,33376,0.000000
1749397896,33478,0.000000
1750421896,34502,0.000000
1754518028,38599,0.000000
1754620295,38701,0.000000
1754837573,38918,1.754386
1754855056,38936,0.000000
1754927496,39008,0.000000
1755300560,39382,0.877193
1755303161,39384,0.000000
1755305726,39387,0.000000
1755308390,39389,0.000000
1755310955,39392,0.000000
1755313501,39394,0.000000
1755450520,39531,0.000000
1755453066,39534,0.000000
1755455715,39537,0.000000
1755951496,40032,0.000000
1756053893,40134,0.000000
1756770790,40851,0.000000
1757180292,41261,0.000000
1757283360,41364,0.000000
1757692294,41773,0.000000
1757999491,42080,0.000000
1758101896,42183,0.000000
1758409127,42490,0.000000
1758614225,42695,0.000000
1758716349,42797,0.000000
1758923290,43004,0.000000
1759228294,43309,0.000000
1759330688,43411,0.000000
1759433096,43514,0.000000
1759945179,44026,0.000000
1760149896,44231,0.000000
1762906546,46988,0.000000
1762909129,46990,0.000000
1762911759,46993,0.000000
1762919466,47001,0.000000
1762922194,47003,0.000000
1762981539,47063,0.000000
1762984171,47065,0.000000
1762986727,47068,0.000000
1762989399,47071,0.000000
1762991994,47073,0.000000
1762994550,47076,0.000000
1763017094,47098,0.000000
1763052479,47134,0.000000
1763055089,47136,0.000000
1763057894,47139,0.000000
1763119489,47200,0.000000
1763324293,47405,0.000000
1764450691,48532,0.000000
1765269895,49351,0.000000
1765372289,49453,0.000000
1765679493,49761,0.000000
1765781895,49863,0.000000
1765986689,50068,0.000000
1766089094,50170,0.000000
1766293889,50375,0.000000
1767012170,51093,0.000000
1767231893,51313,0.000000
1767254526,51336,0.000000
1767262379,51344,0.000000
1767327420,51409,0.000000
1767329984,51411,0.000000
1767332930,51414,0.000000
1767453417,51535,0.000000
1767456018,51537,0.000000
1767458619,51540,0.000000
1767829895,51911,0.000000
1768138514,52220,0.000000
1768239496,52321,0.000000
1768444293,52525,0.000000
1768651516,52733,0.000000
1768853890,52935,0.000000
1768974948,53056,0.000000
1768980087,53062,0.000000
1769263494,53345,0.000000
1769466639,53548,0.000000
1769469443,53551,0.000000
1769474409,53556,0.000000
1769476959,53558,0.000000
1769673090,53754,0.000000
1770082688,54164,0.000000
1774281880,58363,0.000000
1774485894,58567,10.526316
1774588288,58670,0.000000
1774690696,58772,0.000000
1774895543,58977,0.000000
1774997897,59079,0.000000
1775305088,59387,0.000000
1775407626,59489,0.000000
1775509892,59591,0.000000
1775612351,59694,0.000000
1775817091,59899,0.000000
1775919493,60001,0.000000
1776022111,60104,0.000000
1776226689,60308,0.000000
1776329093,60411,0.000000
1776680746,60763,0.000000
1776683360,60765,0.000000
1776685943,60768,0.000000
1776688615,60770,0.000000
1776691188,60773,0.000000
1776738696,60820,0.000000
1776943938,61025,0.000000
1777047619,61129,0.000000
1777148293,61230,0.000000
1777253509,61335,0.000000
1777455495,61537,0.000000
1777967495,62049,0.000000
1778009076,62091,0.000000
1778011677,62094,0.000000
1778016249,62098,0.000000
1778018920,62101,0.000000
1778021496,62103,0.000000
1778070249,62152,0.000000
1778082903,62165,0.000000
1778085504,62167,0.000000
1778109168,62191,0.000000
1778111751,62194,0.000000
1778114351,62196,0.000000
1778149617,62232,0.000000
1778152182,62234,0.000000
1778154738,62237,0.000000
1778786689,62868,0.000000
1778991547,63073,0.000000
1779401093,63483,0.000000
1779515663,63598,0.000000
1779521614,63604,0.000000
1779605896,63687,0.000000
1779708293,63790,0.000000
1779810696,63892,0.000000
1780016727,64098,0.000000
1779521614,63604,0.000000
1779605896,63687,0.000000
1779708293,63790,0.000000
1779810696,63892,0.000000
1780016727,64098,0.000000
1782882695,66964,0.000000
1782985106,67067,0.000000
1783087647,67169,0.000000
1783192194,67274,0.000000
1783294663,67376,0.000000
1783394939,67477,0.000000
1783497255,67579,0.000000
1783599571,67681,0.000000
1783805699,67888,0.000000
1783906782,67989,0.000000
1783909585,67991,0.000000
1783917151,67999,0.000000
1783919716,68002,0.000000
1784009094,68091,0.000000
1784111621,68193,0.000000
1785237892,69320,0.000000
1785442695,69525,0.000000
1785535908,69618,0.000000
1785538482,69621,0.000000
1785541101,69623,0.000000
1785599601,69682,0.000000
1785602193,69684,0.000000
1785604740,69687,0.000000
1785607413,69690,0.000000
1785609996,69692,0.000000
1785612551,69695,0.000000
1785647494,69729,0.000000
1785673158,69755,0.000000
1785675750,69758,0.000000
1785678324,69761,0.000000
1786057096,70139,0.000000
1786159495,70241,0.000000
1786261892,70344,0.000000
1786364290,70446,0.000000
1786569096,70651,0.000000
1786876296,70958,0.000000
1787081088,71163,0.000000
1787900293,71982,0.000000
1788105096,72187,0.000000
1788309893,72392,0.000000
1789129191,73211,0.000000
1789333889,73416,0.000000
1789538767,73621,0.000000
1789641089,73723,0.000000
1790357896,74440,0.000000
1789333889,73416,0.000000
1789538767,73621,0.000000
1789641089,73723,0.000000
1790357896,74440,0.000000
1793073620,77156,0.000000
1793076238,77159,0.000000
1793078940,77161,0.000000
1793081612,77164,0.000000
1793084231,77167,0.000000
1793086778,77169,0.000000
1793122786,77205,0.000000
1793147558,77230,0.000000
1793150104,77233,0.000000
1793152678,77235,0.000000
1793155342,77238,0.000000
1793157916,77240,0.000000
1793160490,77243,0.000000
1793225177,77307,0.000000
1793430513,77513,0.000000
1793533195,77615,0.877193
1793941892,78024,0.000000
1794249092,78331,0.000000
1794863496,78946,0.000000
1795068292,79151,0.000000
1795170691,79253,0.000000
1795273090,79355,0.000000
1795375492,79458,0.000000
1795580292,79663,0.000000
1795682690,79765,0.000000
1795989891,80072,0.000000
1796092292,80175,0.000000
1796194692,80277,0.000000
1796297089,80379,0.000000
1796399489,80482,0.000000
1796501893,80584,0.000000
1796706689,80789,0.000000
1797116335,81199,0.000000
1797321096,81403,0.000000
1797525890,81608,0.000000
1797628362,81711,0.000000
1797833090,81915,0.000000
1797935648,82018,0.000000
1798140293,82223,0.000000
1798325845,82409,0.000000
1798336663,82419,0.000000
1798339513,82422,0.000000
1798447492,82530,0.000000
1798549889,82632,0.000000
1799369096,83452,0.000000
1800495612,84578,0.000000
1803874965,87958,0.000000
1803979605,88062,0.000000
1804079493,88162,0.000000
1804284444,88367,0.000000
1804898693,88981,0.000000
1805001230,89084,0.000000
1805205890,89289,0.000000
1805410689,89493,0.000000
1805513090,89596,0.000000
1805538398,89622,0.000000
1805544044,89627,0.000000
1805546879,89630,0.000000
1805552246,89635,0.000000
1805615488,89698,0.000000
1805922693,90005,0.000000
1806025093,90108,0.000000
1806127493,90210,0.000000
1806229891,90313,0.000000
1806537166,90620,0.000000
1806639493,90722,0.000000
1806844293,90927,0.000000
1806948489,91031,0.000000
1807049089,91132,0.000000
1807253890,91337,0.000000
1807458691,91542,0.000000
1807561232,91644,0.000000
1807663492,91746,0.000000
1807765983,91849,0.000000
1807868297,91951,0.000000
1808073094,92156,0.000000
1808175309,92259,0.000000
1808178110,92261,0.000000
1808247377,92331,0.000000
1808249924,92333,0.000000
1808252543,92336,0.000000
1808255216,92338,0.000000
1808257858,92341,0.000000
1808260459,92344,0.000000
1808277895,92361,0.000000
1808314326,92398,0.000000
1808316927,92400,0.000000
1808319483,92403,0.000000
1808585089,92668,0.000000
1809097091,93180,0.000000
1809301892,93385,0.000000
1809404292,93487,0.000000
1809506695,93590,0.000000
1809609241,93692,0.000000
1809813894,93897,0.000000
1810018695,94102,0.000000
1814729092,98813,0.000000
1814833677,98917,0.000000
1815036294,99119,0.000000
1815138688,99222,0.000000
1815241096,99324,0.000000
1815343491,99427,0.000000
1815548290,99631,0.000000
1815650688,99734,0.000000
1815753089,99836,0.000000
1815771384,99855,0.000000
1815773939,99857,0.000000
1815776486,99860,0.000000
1815850042,99934,0.000000
1815856118,99939,0.000000
1815858714,99942,0.000000
1815861315,99945,0.000000
1815920167,100004,0.000000
1815922741,100006,0.000000
1815925333,100009,0.000000
1816060318,100144,0.000000
1816162696,100246,0.000000
1816367490,100451,0.000000
1816469906,100553,0.000000
1816572295,100656,0.000000
1816674696,100758,0.000000
1816879495,100963,0.000000
1816981893,101065,0.000000
1817084445,101168,0.000000
1817289094,101372,0.000000
1817391495,101475,0.000000
1817493891,101577,0.000000
1817596296,101680,0.000000
1817698696,101782,0.000000
1817801092,101884,0.000000
1817903489,101987,0.000000
1818005888,102089,0.000000
1818108293,102192,0.000000
1818210689,102294,0.000000
1818313096,102396,0.000000
1818415488,102499,0.000000
1818517894,102601,0.000000
1818825093,102908,0.000000
1819132362,103216,0.000000
1819541895,103625,0.000000
1819849092,103932,0.000000
1819976461,104060,0.000000
1819979026,104063,0.000000
1819984738,104068,0.000000
1819987614,104071,0.000000
1820770691,104854,0.000000
1824866696,108950,0.000000
1824969090,109053,0.000000
1825071496,109155,0.000000
1825173892,109257,0.000000
1825276296,109360,0.000000
1825378690,109462,0.000000
1825481094,109565,0.000000
1825685891,109770,0.000000
1825788293,109872,0.000000
1825890694,109974,0.000000
1825993089,110077,0.000000
1826197930,110282,0.000000
1826300295,110384,0.000000
1826402693,110486,0.000000
1826505090,110589,0.000000
1826607495,110691,0.000000
1826814919,110899,0.000000
1826914693,110998,0.000000
1827017093,111101,0.000000
1827119496,111203,0.000000
1827187633,111272,0.000000
1827193312,111277,0.000000
1827195885,111280,0.000000
1827198459,111282,0.000000
1827221891,111306,0.000000
1827326926,111411,0.000000
1827426688,111510,0.000000
1827631495,111715,0.000000
1827733892,111818,0.000000
1827836291,111920,0.000000
1827938692,112023,0.000000
1828041094,112125,0.000000
1828143492,112227,0.000000
1828348294,112432,0.000000
1828450697,112534,0.000000
1828553090,112637,0.000000
1828655494,112739,0.000000
1828757890,112842,0.000000
1828860293,112944,0.000000
1829065088,113149,0.000000
1829167491,113251,0.000000
1829269893,113354,0.000000
1829372294,113456,0.000000
1829474697,113558,0.000000
1829577092,113661,0.000000
1829679492,113763,0.000000
1829781895,113866,0.000000
1829884295,113968,0.000000
1829986690,114070,0.000000
1830191492,114275,0.000000
1835618695,119703,0.000000
1835721097,119805,0.000000
1835925893,120010,0.000000
1836028295,120112,0.000000
1836130693,120215,0.000000
1836233089,120317,0.000000
1836335493,120420,0.000000
1836437888,120522,0.000000
1836540293,120624,0.000000
1836642695,120727,0.000000
1836745095,120829,0.000000
1836847490,120932,0.000000
1836949888,121034,0.000000
1837052289,121136,0.000000
1837154688,121239,0.000000
1837257090,121341,0.000000
1837359493,121444,0.000000
1837461895,121546,0.000000
1837564290,121648,0.000000
1837616925,121702,0.000000
1837666692,121751,0.000000
1837769093,121853,0.000000
1837871493,121956,0.000000
1837973891,122058,0.000000
1838076291,122160,0.000000
1838178691,122263,0.000000
1838281091,122365,0.000000
1838383491,122468,0.000000
1838479586,122564,0.000000
1838482178,122567,0.000000
1838484725,122569,0.000000
1838487263,122571,0.000000
1838554259,122639,0.000000
1838556824,122641,0.000000
1838559544,122644,0.000000
1838588294,122673,0.000000
1838690696,122775,0.000000
1838793091,122877,0.000000
1838895492,122980,0.000000
1838997888,123082,0.000000
1839100293,123185,0.000000
1839202695,123287,0.000000
1839305088,123389,0.000000
1839407622,123492,0.000000
1839509895,123594,0.000000
1839616381,123701,0.000000
1839714695,123799,16.666666
1839817092,123901,0.000000
1839919496,124004,0.000000
1840021890,124106,0.000000
1846165892,130250,0.000000
1846198531,130283,0.000000
1846201078,130286,0.000000
1846203643,130289,0.000000
1846206307,130291,0.000000
1846208935,130294,0.000000
1846211491,130296,0.000000
1846268292,130353,0.000000
1846370696,130455,0.000000
1846473094,130558,0.000000
1846575496,130660,0.000000
1846677953,130763,0.000000
1846780292,130865,0.000000
1846882691,130967,0.000000
1846985088,131070,0.000000
1847087492,131172,0.000000
1847189893,131274,0.000000
1847292461,131377,0.000000
1847394692,131479,0.000000
1847497096,131582,0.000000
1847599495,131684,0.000000
1847701896,131786,0.000000
1847804290,131889,0.000000
1847906693,131991,0.000000
1848009093,132094,0.000000
1848111491,132196,0.000000
1848213895,132299,0.000000
1848316288,132401,0.000000
1848418689,132503,0.000000
1848521088,132606,0.000000
1848725933,132811,0.000000
1848748729,132834,0.000000
1848751330,132836,0.000000
1848753886,132839,0.000000
1848828294,132913,0.000000
1848832582,132918,0.000000
1848838260,132923,0.000000
1848843921,132929,0.000000
1848930925,133016,0.000000
1849033089,133118,0.000000
1849135493,133220,0.000000
1849239216,133324,0.000000
1849340295,133425,0.000000
1849442690,133527,0.000000
1849545096,133630,0.000000
1849647488,133732,0.000000
1849750022,133835,0.000000
1849852291,133937,0.000000
1849954688,134039,0.000000
1850057089,134142,0.000000
1855381895,139467,0.000000
1855484295,139569,0.000000
1855586696,139672,0.000000
1855689096,139774,0.000000
1855791507,139876,0.000000
1855893893,139979,0.000000
1855996294,140081,0.000000
1856048166,140134,0.000000
1856056408,140142,0.000000
1856059063,140144,0.000000
1856098691,140184,0.000000
1856201094,140286,0.000000
1856303490,140388,0.000000
1856405889,140491,0.000000
1856508289,140593,0.000000
1856610692,140696,0.000000
1856713092,140798,0.000000
1856815488,140901,0.000000
1856917894,141003,0.000000
1857021559,141107,0.000000
1857122816,141208,0.000000
1857225092,141310,0.000000
1857327495,141413,0.000000
1857429893,141515,0.000000
1857532290,141617,0.000000
1857634696,141720,0.000000
1857737089,141822,0.000000
1857839489,141925,0.000000
1857941892,142027,0.000000
1858044297,142129,0.000000
1858146692,142232,0.000000
1858249090,142334,0.000000
1858351495,142437,0.000000
1858453890,142539,0.000000
1858556291,142641,0.000000
1858658696,142744,0.000000
1858761096,142846,0.000000
1858863488,142949,0.000000
1858965896,143051,0.000000
1859068295,143153,0.000000
1859170690,143256,0.000000
1859273093,143358,0.000000
1859375495,143461,0.000000
1859477892,143563,0.000000
1859580290,143665,0.000000
1859682710,143768,0.000000
1859785094,143870,0.000000
1859887493,143973,0.000000
1859989893,144075,0.000000
1860092290,144177,0.000000
1866645892,150731,0.000000
1866748294,150834,0.000000
1866850694,150936,0.000000
1866953655,151039,0.000000
1867058084,151144,0.000000
1867157895,151243,0.000000
1867260889,151346,0.000000
1867465096,151551,0.000000
1867569819,151655,0.000000
1867772289,151858,0.000000
1867874693,151960,0.000000
1867977092,152063,0.000000
1868079495,152165,0.000000
1868181894,152267,0.000000
1868284293,152370,0.000000
1868386691,152472,0.000000
1868489089,152575,0.000000
1868591488,152677,0.000000
1868693913,152779,0.000000
1868796294,152882,0.000000
1868826143,152912,0.000000
1868828762,152915,0.000000
1868832018,152918,0.000000
1868835291,152921,0.000000
1868837901,152924,0.000000
1868891889,152978,0.000000
1868894490,152980,0.000000
1868897091,152983,0.000000
1868899629,152985,0.000000
1869001095,153087,0.000000
1869039443,153125,0.000000
1869041990,153128,0.000000
1869044627,153131,0.000000
1869103568,153189,0.000000
1869205891,153291,0.000000
1869308288,153394,0.000000
1869410692,153496,0.000000
1869513095,153599,0.000000
1869615494,153701,0.000000
1869717889,153803,0.000000
1869820293,153906,0.000000
1869922697,154008,0.000000
1869926521,154012,0.000000
1869929077,154015,0.000000
1869931624,154018,0.000000
1869957299,154043,0.000000
1869965434,154051,0.000000
1869968026,154054,0.000000
1869970779,154057,0.000000
1870025095,154111,0.000000
1876507080,160593,0.000000
1876509694,160596,0.000000
1876512277,160599,0.000000
1876578692,160665,0.000000
1876666713,160753,0.000000
1876669281,160756,0.000000
1876681096,160767,0.000000
1876687067,160773,0.000000
1876689774,160776,0.000000
1876692312,160779,0.000000
1876783492,160869,0.000000
1876983303,161070,0.000000
1876989853,161076,0.000000
1877039346,161126,0.000000
1877090693,161177,0.000000
1877193216,161279,0.000000
1877286118,161372,0.000000
1877295488,161381,0.000000
1877306292,161393,0.000000
1877398194,161484,0.000000
1877420964,161507,0.000000
1877423538,161510,0.000000
1877426076,161512,0.000000
1877500288,161586,0.000000
1877602691,161689,0.000000
1877705090,161791,0.000000
1877807496,161893,0.000000
1877895585,161982,0.000000
1877909890,161996,0.000000
1878012292,162098,0.000000
1878114688,162201,0.000000
1878217088,162303,0.000000
1878319540,162405,0.000000
1878421894,162508,0.000000
1878524294,162610,0.000000
1878626693,162713,0.000000
1878729097,162815,0.000000
1878831488,162917,0.000000
1878933892,163020,0.000000
1879036290,163122,0.000000
1879138694,163225,0.000000
1879241096,163327,0.000000
1879343492,163430,0.000000
1879445888,163532,0.000000
1879548290,163634,0.000000
1879650693,163737,0.000000
1879753094,163839,0.000000
1879855496,163942,0.000000
1879957890,164044,0.000000
1880060292,164146,0.000000
1885589894,169676,0.000000
1885692295,169779,0.000000
1885794689,169881,0.000000
1885897090,169983,0.000000
1885999489,170086,0.000000
1886101888,170188,0.000000
1886204291,170291,0.000000
1886306751,170393,0.000000
1886409090,170495,0.000000
1886511490,170598,0.000000
1886613895,170700,0.000000
1886716413,170803,0.000000
1886818694,170905,0.000000
1886921096,171007,0.000000
1887023495,171110,0.000000
1887125896,171212,0.000000
1887228294,171316,0.000000
1887330692,171417,0.000000
1887433089,171519,0.000000
1887637888,171724,0.000000
1887740307,171827,0.000000
1887842690,171929,0.000000
1887945107,172031,0.000000
1888047493,172134,0.000000
1888149943,172236,0.000000
1888252297,172339,0.000000
1888354690,172441,0.000000
1888457096,172543,0.000000
1888561523,172648,0.000000
1888661891,172748,0.000000
1888764293,172851,0.000000
1888866689,172953,0.000000
1888881081,172968,0.000000
1888950338,173037,0.000000
1888970023,173056,0.000000
1888973523,173060,0.000000
1888995225,173082,0.000000
1888997817,173085,0.000000
1889015889,173103,0.000000
1889071495,173158,0.000000
1889173892,173260,0.000000
1889276290,173363,0.000000
1889378688,173465,0.000000
1889481097,173568,0.000000
1889583704,173670,0.000000
1889685895,173772,0.000000
1889788290,173875,0.000000
1889890695,173977,0.000000
1889993090,174080,0.000000
1890095493,174182,0.000000
1896239488,180326,0.000000
1896342201,180429,0.000000
1896444288,180531,0.000000
1896546695,180633,0.000000
1896649097,180736,0.000000
1896751497,180838,0.000000
1896853896,180941,0.000000
1896956302,181043,0.000000
1897058692,181145,0.000000
1897163664,181250,0.000000
1897263496,181350,0.000000
1897365895,181453,0.000000
1897468295,181555,0.000000
1897570692,181657,0.000000
1897673095,181760,0.000000
1897776357,181863,0.000000
1897877896,181965,0.000000
1897980295,182067,0.000000
1898082691,182169,0.000000
1898185093,182272,0.000000
1898287489,182374,0.000000
1898389888,182477,0.000000
1898492597,182579,0.000000
1898597697,182685,0.000000
1898605874,182693,0.000000
1898697095,182784,0.000000
1898799489,182886,0.000000
1898901908,182989,0.000000
1899004293,183091,0.000000
1899038247,183125,0.000000
1899040972,183128,0.000000
1899043564,183131,0.000000
1899107234,183194,0.000000
1899114307,183202,0.000000
1899119527,183207,0.000000
1899125155,183212,0.000000
1899130294,183218,0.000000
1899209088,183296,0.000000
1899311495,183398,0.000000
1899413893,183501,0.000000
1899516292,183603,0.000000
1899541859,183629,0.000000
1899547528,183635,0.000000
1899550120,183637,0.000000
1899552685,183640,0.000000
1899618872,183706,0.000000
1899721090,183808,0.000000
1899823494,183910,0.000000
1899925889,184013,0.000000
1900028292,184115,0.000000
1906377676,190465,0.000000
1906581896,190669,0.000000
1906595881,190683,0.000000
1906598686,190686,0.000000
1906601363,190689,0.000000
1906604036,190692,0.000000
1906667365,190755,0.000000
1906676541,190764,0.000000
1906679806,190767,0.000000
1906682425,190770,0.000000
1906698237,190785,0.000000
1906700369,190788,0.000000
1906738803,190826,0.000000
1906742792,190830,0.000000
1906746241,190834,0.000000
1906771063,190859,0.000000
1906773619,190861,0.000000
1906786692,190874,0.000000
1906889090,190976,0.000000
1906991495,191079,0.000000
1907093894,191181,0.000000
1907196291,191284,0.000000
1907298690,191386,0.000000
1907401089,191488,0.000000
1907503495,191591,0.000000
1907605888,191693,0.000000
1907708289,191796,0.000000
1907810694,191898,0.000000
1907913119,192000,0.000000
1908015497,192103,0.000000
1908117895,192205,0.000000
1908220289,192308,0.000000
1908322692,192410,0.000000
1908425089,192512,0.000000
1908527492,192615,0.000000
1908629891,192717,0.000000
1908732296,192820,0.000000
1908834690,192922,0.000000
1908937089,193024,0.000000
1909039490,193127,0.000000
1909141903,193229,0.000000
1909244435,193332,0.000000
1909346729,193434,0.000000
1909449096,193536,0.000000
1909551496,193639,0.000000
1909653911,193741,0.000000
1909756295,193844,0.000000
1909858694,193946,0.000000
1909961092,194048,0.000000
1910063491,194151,0.000000
1916105090,200193,0.000000
1916207489,200295,0.000000
1916310003,200398,0.000000
1916404242,200492,0.000000
1916413150,200501,0.000000
1916423639,200512,0.000000
1916517910,200606,0.000000
1916617092,200705,0.000000
1916719494,200807,0.000000
1916821895,200910,0.000000
1916924332,201012,0.000000
1917026694,201114,0.000000
1917129088,201217,0.000000
1917231494,201319,0.000000
1917333894,201422,0.000000
1917436290,201524,0.000000
1917538695,201626,0.000000
1917641094,201729,0.000000
1917743489,201831,0.000000
1917845897,201934,0.000000
1917948294,202036,0.000000
1918050694,202138,0.000000
1918121597,202210,0.000000
1918141828,202230,0.000000
1918153092,202241,0.000000
1918167617,202256,0.000000
1918188969,202277,0.000000
1918255493,202343,0.000000
1918345851,202434,0.000000
1918348443,202436,0.000000
1918351128,202439,0.000000
1918357894,202446,0.000000
1918366217,202454,0.000000
1918460294,202548,0.000000
1918562695,202650,0.000000
1918665536,202753,0.000000
1918767494,202855,0.000000
1918869893,202958,0.000000
1918972294,203060,0.000000
1919074695,203162,0.000000
1919177088,203265,0.000000
1919279490,203367,0.000000
1919381891,203470,0.000000
1919484292,203572,0.000000
1919586690,203674,0.000000
1919689090,203777,0.000000
1919791490,203879,0.000000
1919893896,203982,0.000000
1919996294,204084,0.000000
1920098695,204186,0.000000
1926549896,210638,0.000000
1926652295,210740,0.000000
1926754696,210843,0.000000
1926857095,210945,0.000000
1926960797,211049,0.000000
1927061889,211150,0.000000
1927164294,211252,0.000000
1927267728,211356,0.000000
1927369325,211457,0.000000
1927471496,211560,0.000000
1927573891,211662,0.000000
1927676294,211764,0.000000
1927778695,211867,0.000000
1927881092,211969,0.000000
1927983489,212072,0.000000
1928085894,212174,0.000000
1928188291,212276,0.000000
1928290695,212379,0.000000
1928393123,212481,0.000000
1928396318,212485,0.000000
1928495493,212584,0.000000
1928597893,212686,0.000000
1928700289,212788,0.000000
1928802694,212891,0.000000
1928905095,212993,0.000000
1929007759,213096,0.000000
1929109891,213198,0.000000
1929212291,213300,0.000000
1929229207,213318,0.000000
1929231799,213320,0.000000
1929234373,213323,0.000000
1929237046,213326,0.000000
1929247653,213336,0.000000
1929302314,213391,0.000000
1929304861,213393,0.000000
1929307443,213396,0.000000
1929321237,213409,0.000000
1929371643,213460,0.000000
1929374199,213463,0.000000
1929376755,213465,0.000000
1929417089,213505,0.000000
1929445922,213534,0.000000
1929448532,213537,0.000000
1929451078,213540,0.000000
1929519492,213608,0.000000
1929621893,213710,0.000000
1929724295,213812,0.000000
1929826690,213915,0.000000
1929929094,214017,0.000000
1930031496,214120,0.000000
1936601601,220690,0.000000
1936604184,220693,0.000000
1936687493,220776,0.000000
1936789953,220878,0.000000
1936795573,220884,0.000000
1936798192,220887,0.000000
1936825190,220914,0.000000
1936827728,220917,0.000000
1936830266,220919,0.000000
1936845407,220934,0.000000
1936867735,220957,0.000000
1936870300,220959,0.000000
1936934447,221023,0.000000
1936937012,221026,0.000000
1936939594,221028,0.000000
1936994690,221083,0.000000
1937005484,221094,0.000000
1937025216,221114,0.000000
1937097096,221186,0.000000
1937144691,221234,0.000000
1937161250,221250,0.000000
1937163794,221253,0.000000
1937199489,221288,0.000000
1937301890,221390,0.000000
1937404290,221493,0.000000
1937507073,221596,0.000000
1937609094,221698,0.000000
1937711496,221800,0.000000
1937813892,221902,0.000000
1937916325,222005,0.000000
1938018691,222107,0.000000
1938121089,222210,0.000000
1938223491,222312,0.000000
1938325904,222414,0.000000
1938428292,222517,0.000000
1938521507,222610,0.000000
1938531021,222620,0.000000
1938735491,222824,0.000000
1938838035,222927,0.000000
1938942285,223031,0.000000
1939042691,223131,0.000000
1939247490,223336,0.000000
1939349892,223439,0.000000
1939452293,223541,0.000000
1939554691,223643,0.000000
1939657094,223746,0.000000
1939759490,223848,0.000000
1939861890,223951,0.000000
1939964291,224053,0.000000
1940066694,224155,0.000000
1944981889,229071,0.000000
1945084291,229173,0.000000
1945186696,229276,0.000000
1945289088,229378,0.000000
1945391492,229480,0.000000
1945493888,229583,0.000000
1945596288,229685,0.000000
1945698695,229788,0.000000
1945801091,229890,0.000000
1945903583,229992,0.000000
1946005892,230095,0.000000
1946108292,230197,0.000000
1946210690,230300,0.000000
1946313090,230402,0.000000
1946415496,230504,0.000000
1946517891,230607,0.000000
1946620291,230709,0.000000
1946722694,230812,0.000000
1946825091,230914,0.000000
1946927611,231017,0.000000
1947029890,231119,0.000000
1947132290,231221,0.000000
1947234690,231324,0.000000
1947337091,231426,0.000000
1947439512,231529,0.000000
1947541984,231631,0.000000
1947644295,231733,0.000000
1947746693,231836,0.000000
1947849089,231938,0.000000
1947951492,232040,0.000000
1948053889,232143,0.000000
1948156288,232245,0.000000
1948258688,232348,0.000000
1948361091,232450,0.000000
1948463493,232553,0.000000
1948565893,232655,0.000000
1948668731,232758,0.000000
1948770688,232860,0.000000
1948873090,232962,0.000000
1948975496,233065,0.000000
1949077895,233167,0.000000
1949180293,233269,0.000000
1949282694,233372,0.000000
1949385093,233474,0.000000
1949487488,233577,0.000000
1949589889,233679,0.000000
1949692293,233781,0.000000
1949794691,233884,0.000000
1949897095,233986,0.000000
1950000063,234089,0.000000
1956655491,240745,0.000000
1956757902,240847,0.000000
1956860294,240950,0.000000
1956962692,241052,0.000000
1957065616,241155,0.000000
1957167489,241257,0.000000
1957270229,241360,0.000000
1957372294,241462,0.000000
1957453772,241544,0.000000
1957456373,241546,0.000000
1957458947,241549,0.000000
1957464616,241554,0.000000
1957467208,241557,0.000000
1957469808,241560,0.000000
1957477469,241567,0.000000
1957577093,241667,0.000000
1957679496,241769,0.000000
1957781889,241871,0.000000
1957884289,241974,0.000000
1957986692,242076,0.000000
1958089094,242179,0.000000
1958193551,242283,0.000000
1958208595,242298,0.000000
1958229471,242319,0.000000
1958293896,242383,0.000000
1958302233,242392,0.000000
1958365545,242455,0.000000
1958368123,242458,0.000000
1958373459,242463,0.000000
1958396295,242486,0.000000
1958424259,242514,0.000000
1958426842,242517,0.000000
1958429433,242519,0.000000
1958498693,242588,0.877193
1958601088,242691,0.000000
1958703494,242793,0.000000
1958805893,242895,0.000000
1958908296,242998,0.000000
1959010695,243100,0.000000
1959113090,243203,0.000000
1959317895,243407,0.000000
1959424572,243514,0.000000
1959427146,243517,0.000000
1959429720,243520,0.000000
1959522693,243612,0.000000
1959625094,243715,0.000000
1959727494,243817,0.000000
1959829891,243919,0.000000
1959932296,244022,0.000000
1960137094,244227,0.000000
1965666690,249756,0.000000
1965769089,249859,0.000000
1965871494,249961,0.000000
1965973896,250064,0.000000
1966076290,250166,0.000000
1966178693,250268,0.000000
1966282082,250372,0.000000
1966383493,250473,0.000000
1966485894,250576,0.000000
1966588288,250678,0.000000
1966794823,250885,0.000000
1966895493,250985,0.000000
1966997890,251088,0.000000
1967024331,251115,0.000000
1967026913,251117,0.000000
1967030205,251120,0.000000
1967094270,251184,0.000000
1967096862,251187,0.000000
1967102451,251193,0.000000
1967105395,251196,0.000000
1967107942,251198,0.000000
1967110488,251201,0.000000
1967202695,251293,0.000000
1967305096,251395,0.000000
1967407495,251497,0.000000
1967509893,251600,0.000000
1967612292,251702,0.000000
1967714696,251805,0.000000
1967817091,251907,0.000000
1967919492,252009,0.000000
1968021888,252112,0.000000
1968124289,252214,0.000000
1968226959,252317,0.000000
1968329088,252419,0.000000
1968431605,252522,0.000000
1968533896,252624,0.000000
1968636295,252726,0.000000
1968738695,252829,0.000000
1968943492,253033,0.000000
1969045893,253136,0.000000
1969148290,253238,0.000000
1969250695,253341,0.000000
1969353091,253443,0.000000
1969455494,253545,0.000000
1969557888,253648,0.000000
1969660294,253750,0.000000
1969762752,253853,0.000000
1969865096,253955,0.000000
1969967725,254058,0.000000
1970069915,254160,0.000000
1976009110,260099,0.000000
1976111512,260202,0.000000
1976214715,260305,0.000000
1976316364,260407,0.000000
1976418716,260509,0.000000
1976521095,260611,0.000000
1976623495,260714,0.000000
1976725899,260816,0.000000
1976828322,260919,0.000000
1976931077,261021,0.000000
1977033088,261123,0.000000
1977135526,261226,0.000000
1977237892,261328,0.000000
1977340329,261431,0.000000
1977442693,261533,0.000000
1977545165,261636,0.000000
1977647493,261738,0.000000
1977749894,261840,0.000000
1977852292,261943,0.000000
1977954861,262045,0.000000
1978057091,262147,0.000000
1978159540,262250,0.000000
1978250963,262342,0.000000
1978263753,262354,0.000000
1978271799,262362,0.000000
1978365087,262455,0.000000
1978404752,262495,0.000000
1978407290,262498,0.000000
1978409837,262501,0.000000
1978467434,262558,0.000000
1978569091,262659,0.000000
1978671548,262762,0.000000
1978773895,262864,0.000000
1978876291,262967,0.000000
1979081099,263171,0.000000
1979183555,263274,0.000000
1979285890,263376,0.000000
1979311519,263402,0.000000
1979314267,263405,0.000000
1979316841,263408,0.000000
1979319496,263410,0.000000
1979322097,263413,0.000000
1979324653,263415,0.000000
1979388296,263479,0.000000
1979490837,263581,0.000000
1979593161,263684,0.000000
1979695489,263786,0.000000
1979797892,263888,0.000000
1979900295,263991,0.000000
1980002766,264093,0.000000
1983894056,267985,0.000000
1984610831,268701,0.000000
1984815634,268906,0.000000
1984918035,269009,0.000000
1985327641,269418,0.000000
1985430042,269521,0.000000
1985737247,269828,0.000000
1985839648,269930,0.000000
1985942005,270033,0.000000
1986146894,270238,0.000000
1986249197,270340,0.000000
1986351702,270442,0.000000
1986525395,270616,0.000000
1986528307,270619,0.000000
1986557047,270648,0.000000
1986863663,270954,0.000000
1987068465,271159,0.000000
1987118762,271210,0.000000
1987171411,271262,0.000000
1987174955,271266,0.000000
1987273094,271364,0.000000
1987323998,271415,0.000000
1987327695,271419,0.000000
1987330259,271421,0.000000
1987580294,271671,0.000000
1987681331,271772,0.000000
1987683869,271775,0.000000
1987701549,271793,0.000000
1987785092,271876,0.000000
1987887677,271978,0.000000
1988092480,272183,0.000000
1988604495,272695,0.000000
1988809298,272900,0.000000
1988911699,273002,0.000000
1989321297,273412,0.000000
1989525894,273617,0.000000
1989730903,273822,0.000000
1989771294,273863,0.000000
1989774543,273866,0.000000
1989777117,273868,0.000000
1989779780,273871,0.000000
1989783038,273874,0.000000
1989843979,273935,0.000000
1989849653,273941,0.000000
1989860246,273951,0.000000
1989862811,273954,0.000000
1989917065,274008,0.000000
1989920303,274011,0.000000
1989923533,274015,0.000000
1990140508,274231,0.000000
1993799061,277890,0.000000
1993801626,277893,0.000000
1993804281,277896,0.000000
1993806878,277898,0.000000
1994134164,278225,0.000000
1994236566,278328,0.000000
1994543770,278635,0.000000
1994646171,278737,0.000000
1994748573,278840,0.000000
1995055777,279147,0.000000
1995108470,279200,0.000000
1995111561,279203,0.000000
1995212242,279304,0.000000
1995215079,279306,0.000000
1995217674,279309,0.000000
1995232442,279324,0.000000
1995235504,279327,0.000000
1995238338,279330,0.000000
1995260588,279352,0.000000
1995305090,279397,0.000000
1995323351,279415,0.000000
1995465383,279556,0.000000
1995567784,279659,0.000000
1995874989,279966,0.000000
1995977390,280068,0.000000
1996386996,280478,0.000000
1996489397,280581,0.000000
1996796296,280887,0.000000
1997001404,281093,0.000000
1997308609,281400,0.000000
1997369820,281461,0.000000
1997373045,281465,0.000000
1997375592,281467,0.000000
1997411489,281503,0.000000
1997439735,281531,0.000000
1997442282,281534,0.000000
1997445474,281537,0.000000
1997608499,281700,0.000000
1997615577,281707,0.000000
1997629444,281721,0.000000
1997718375,281810,0.000000
1997922695,282014,0.000000
1998127496,282219,0.000000
1998332292,282423,0.000000
1998639495,282731,0.000000
1998947032,283038,0.000000
1999459311,283551,0.000000
1999663842,283755,0.000000
1999868294,283960,0.000000
2000073533,284165,0.000000
2000073533,284165,0.000000
2002940688,287032,0.000000
2003043089,287134,0.000000
2003145491,287237,0.000000
2003350429,287442,14.035088
2003452294,287544,0.000000
2003657094,287749,0.000000
2003862365,287954,0.000000
2004271488,288363,0.000000
2004476709,288568,0.000000
2004985342,289077,0.000000
2004993668,289085,0.000000
2004995801,289088,0.000000
2004998366,289090,0.000000
2005003613,289095,0.000000
2005006187,289098,0.000000
2005193594,289285,0.000000
2005295921,289387,0.000000
2005603125,289695,0.000000
2005705527,289797,0.000000
2005807490,289899,0.000000
2006217534,290309,0.000000
2006280009,290372,0.000000
2006282556,290374,0.000000
2006285130,290377,0.000000
2006628687,290720,0.000000
2006729541,290821,0.000000
2006934344,291026,0.000000
2007036745,291128,0.000000
2007139199,291231,0.000000
2007446351,291538,0.000000
2007652678,291744,0.000000
2007753384,291845,0.000000
2007855957,291948,0.000000
2007958358,292050,0.000000
2008060760,292152,0.000000
2008265563,292357,0.000000
2008367964,292460,0.000000
2008375032,292467,0.000000
2008380709,292473,0.000000
2008383310,292475,0.000000
2008385866,292478,0.000000
2008470614,292562,0.000000
2008675168,292767,0.000000
2008879971,292972,0.000000
2008981890,293074,2.631579
2009289997,293382,0.000000
2009391978,293484,0.000000
2009801584,293893,0.000000
2010108788,294200,0.000000
2008675168,292767,0.000000
2008879971,292972,0.000000
2008981890,293074,2.631579
2009289997,293382,0.000000
2009391978,293484,0.000000
2009801584,293893,0.000000
2010108788,294200,0.000000
2012873653,296966,0.000000
2013078430,297170,0.000000
2013180832,297273,0.000000
2013283260,297375,0.000000
2013385635,297477,0.000000
2013590437,297682,0.000000
2013795240,297887,0.000000
2014000043,298092,0.000000
2014102445,298194,0.000000
2014409649,298502,0.000000
2014614452,298706,0.000000
2015126459,299218,0.000000
2015229161,299321,0.000000
2015331262,299423,0.000000
2015591855,299684,0.000000
2015597533,299690,0.000000
2015740868,299833,0.000000
2015843269,299935,0.000000
2015945670,300038,0.000000
2016047496,300139,0.000000
2016407203,300500,0.000000
2016417380,300510,0.000000
2016437612,300530,0.000000
2016457678,300550,0.000000
2016662480,300754,0.000000
2016764882,300857,0.000000
2017072086,301164,0.000000
2017174488,301266,0.000000
2017276889,301369,0.000000
2017378693,301471,0.000000
2017481573,301574,0.000000
2017584093,301676,0.000000
2017788896,301881,0.000000
2018096101,302188,0.000000
2018198966,302291,0.000000
2018403197,302495,0.000000
2018709892,302802,0.000000
2019017714,303110,0.000000
2019529787,303622,0.000000
2019734524,303827,0.000000
2019836925,303929,0.000000
2019939500,304032,0.000000
2020020167,304113,0.000000
2024240187,308333,0.000000
2024342589,308435,0.000000
2024854596,308947,0.000000
2025161800,309254,0.000000
2025263508,309356,0.000000
2025469004,309561,0.000000
2025673109,309765,0.000000
2025775495,309868,0.000000
2025981139,310074,0.000000
2026083413,310176,0.000000
2026390617,310483,0.000000
2026594689,310687,0.000000
2026800223,310893,0.000000
2026902625,310995,0.000000
2027005026,311097,0.000000
2027209762,311302,0.000000
2027312584,311405,0.000000
2027414632,311507,0.000000
2027503731,311597,0.000000
2027506296,311599,0.000000
2027508861,311602,0.000000
2027516326,311609,0.000000
2027582346,311675,0.000000
2027585601,311678,0.000000
2027588201,311681,0.000000
2027656628,311750,0.000000
2027659202,311752,0.000000
2027661803,311755,0.000000
2027664476,311757,0.000000
2027667042,311760,0.000000
2027669643,311762,0.000000
2027727557,311820,0.000000
2027731569,311824,0.000000
2027734793,311828,0.000000
2027824238,311917,0.000000
2027926639,312019,0.000000
2028131442,312224,0.000000
2028339668,312432,0.000000
2028437889,312530,0.000000
2028541067,312634,0.000000
2028643449,312736,14.035088
2028745092,312838,0.000000
2029053055,313146,0.000000
2029155497,313248,0.000000
2029257092,313350,0.000000
2029462661,313555,0.000000
2029667464,313760,0.000000
2029872382,313965,0.000000
2029974702,314067,0.000000
2030014017,314107,0.000000
2034582733,318676,0.000000
2034684349,318777,0.000000
2034787567,318880,0.000000
2034889945,318983,0.000000
2035127854,319221,0.000000
2035131466,319225,0.000000
2035137763,319231,0.000000
2035197149,319290,0.000000
2035259909,319353,0.000000
2035262456,319356,0.000000
2035265003,319358,0.000000
2035268259,319361,0.000000
2035271452,319365,0.000000
2035274742,319368,0.000000
2035299543,319392,0.000000
2035401982,319495,0.000000
2035503492,319596,0.000000
2035811558,319904,0.000000
2036118762,320212,0.000000
2036323557,320416,0.000000
2036528360,320621,0.000000
2036733163,320826,0.000000
2036835903,320929,0.000000
2036937952,321031,0.000000
2037142769,321236,0.000000
2037228663,321322,0.000000
2037231333,321325,0.000000
2037233934,321327,0.000000
2037236595,321330,0.000000
2037245075,321338,0.000000
2037449088,321542,0.000000
2037551493,321644,0.000000
2037860620,321954,0.000000
2038165889,322259,0.000000
2038371586,322465,0.000000
2038474454,322567,0.000000
2038576389,322669,0.000000
2038781200,322874,0.000000
2038810213,322904,0.000000
2038835074,322928,0.000000
2038883620,322977,0.000000
2038985994,323079,0.000000
2039190797,323284,0.000000
2039293553,323387,0.000000
2039395600,323489,0.000000
2039600403,323693,0.000000
2039702015,323795,0.000000
2039806107,323899,0.000000
2039908155,324001,0.000000
2040112410,324205,0.000000
2043798862,327892,0.000000
2044106312,328199,0.000000
2044310869,328404,0.000000
2044450151,328544,0.000000
2044452852,328546,0.000000
2044621414,328715,0.000000
2044715959,328810,0.000000
2044718542,328812,0.000000
2044721248,328814,0.000000
2044723417,328817,0.000000
2044741018,328835,0.000000
2044743609,328837,0.000000
2044746147,328840,0.000000
2044766026,328860,0.000000
2044831029,328925,0.000000
2044851047,328945,0.000000
2044925278,329018,0.000000
2045027679,329121,0.000000
2045231492,329325,0.000000
2045334832,329428,0.000000
2045539686,329633,0.000000
2045949292,330043,0.000000
2046666147,330759,0.000000
2046768504,330862,0.000000
2046870905,330964,0.000000
2046973307,331067,0.000000
2047178109,331271,0.000000
2047279491,331373,0.000000
2047588163,331681,0.000000
2047690117,331783,0.000000
2047997463,332091,0.000000
2048099722,332193,0.000000
2048202124,332295,0.000000
2048611730,332705,0.000000
2048724888,332819,0.000000
2048727444,332821,0.000000
2048730527,332824,0.000000
2048918934,333012,0.000000
2048977434,333071,0.000000
2048980323,333074,0.000000
2048984288,333078,0.000000
2049123737,333217,0.000000
2049226982,333320,0.000000
2049430941,333524,0.000000
2049533343,333627,0.000000
2049634688,333728,0.000000
2049737096,333831,0.000000
2049840547,333934,0.000000
2049942948,334036,0.000000
2050250153,334344,0.000000
2054448611,338542,0.000000
2054653414,338747,0.000000
2054755816,338849,0.000000
2054959488,339053,0.000000
2055165421,339259,0.000000
2055267823,339361,0.000000
2055575027,339669,0.000000
2055677429,339771,0.000000
2055779830,339874,0.000000
2055984761,340078,0.000000
2056087034,340181,0.000000
2056189436,340283,0.000000
2056393091,340487,0.000000
2056599050,340693,0.000000
2056701451,340795,0.000000
2057008868,341103,0.000000
2057110497,341204,0.000000
2057315860,341410,0.000000
2057725465,341819,0.000000
2057826384,341921,0.000000
2057829036,341923,0.000000
2057831950,341926,0.000000
2057834647,341929,0.000000
2057894216,341988,0.000000
2057896790,341991,0.000000
2057899364,341993,0.000000
2057930260,342024,0.000000
2057965420,342060,0.000000
2057967994,342062,0.000000
2057970550,342065,0.000000
2057973223,342067,0.000000
2057975788,342070,0.000000
2057978407,342073,0.000000
2058237495,342331,0.000000
2058339866,342434,0.000000
2058442268,342536,0.000000
2058647070,342741,0.000000
2058851873,342946,0.000000
2058877418,342972,0.000000
2058890807,342985,0.000000
2058895565,342990,0.000000
2058903677,342998,0.000000
2058953092,343047,0.000000
2059159078,343253,0.000000
2059261479,343355,0.000000
2059568683,343663,0.000000
2059671085,343765,0.000000
2059773792,343868,0.000000
2059978289,344072,0.000000
2060080690,344175,0.000000