beacon_timestamp,local_timestamp
1651302788,1014
1651405210,1104
1651507592,1204
1651609988,1306
1651712388,1424
1651814793,1511
1651917192,1624
1652019585,1716
1652121986,1824
1652224389,1921
1652326792,2024
1652429191,2126
1652531591,2228
1652633985,2344
1652736390,2433
1652838785,2544
1652941190,2638
1653043610,2754
1653145986,2843
1653248389,2954
1653351206,3048
1653453192,3155
1653555585,3252
1653657986,3355
1653760385,3457
1653862792,3565
1653965192,3662
1654067589,3765
1654169986,3866
1654273186,3970
1654374792,4085
1654477185,4174
1654579584,4276
1654681987,4379
1654784384,4495
1654886792,4583
1654989190,4695
1655091586,4788
1655193985,4895
1655296392,4993
1655398790,5105
1655501186,5198
1655603589,5305
1655705990,5403
1655808384,5505
1655910785,5607
1656013193,5710
1656115590,5825
1656217986,5915
1656237727,5945
1656240365,5951
1656242975,5957
1656247217,5964
1656310665,6008
1656313293,6014
1656320836,6021
1656387055,608